flattening:0.0337623448829
geodesic:0.0285760736599
texture:0.0210066349939
surface:0.0193283670551
curvature:0.0171760283648
distortions:0.0150912827058
curve:0.0142453226006
preservation:0.011953175529
shoe:0.0115222768988
plane:0.0102641814262
surfaces:0.0101274688727
meridian:0.00916234361601
distortion:0.00893936385419
developable:0.00788613644384
curves:0.00779882412587
flattened:0.00771808278457
isoparametric:0.0073959819115
graphics:0.006954152134
cone:0.00656642308569
angles:0.0064853099976
hemisphere:0.0063700292708
tangent:0.00607140030656
chord:0.00593698675736
relaxation:0.00567485279875
geodesics:0.00563836530216
meridians:0.00523406338443
equator:0.00517718733805
seam:0.00493356963939
onto:0.00478817742208
mapping:0.00470045659897
distorted:0.00469856878959
tp:0.00467857577703
angle:0.00463610142267
oxy:0.00422877397662
arc:0.00415918634169
kl:0.00399502689397
planar:0.00379163167623
sphere:0.00370085941795
isoparametrics:0.00348937558962
preserver:0.00348937558962
catmull:0.00338890497023
interactive:0.00337746316489
visualization:0.0032471594003
neighbours:0.00313237919306
texturing:0.00310400824581
piecewise:0.0030617048699
dispersion:0.00296849337868
sheffer:0.0029583927646
alla:0.0029583927646
pieces:0.00291655247384
mapped:0.00290005873057
parametric:0.00276879528639
revolution:0.00276371709335
cartography:0.00271112397619
straight:0.00266557483426
discontinuities:0.00265623763412
threshold:0.00263313871861
frenet:0.00261703169221
geometry:0.00242724015387
ij:0.00239525563474
circle:0.00237755396026
centroid:0.00233928788852
3d:0.00233620016661
textures:0.00229676752128
dr:0.00229013711531
kg:0.00227677511496
unfolded:0.00224709761277
preserving:0.00221393087238
ds:0.00220102109957
projected:0.00218121367235
preserve:0.00213143415155
parameterization:0.00211870727575
tog:0.00210335844032
curved:0.0020883683012
transversal:0.00208825279537
development:0.00206282876846
cuts:0.00205801259964
piece:0.00198619847956
euclidian:0.00191100878124
projection:0.00189857792043
sample:0.00184712455974
affine:0.00183809336412
conformal:0.00181950202808
twelve:0.00179033552067
extremal:0.00176121695694
region:0.00174482093071
flattenings:0.00174468779481
generatrix:0.00174468779481
sandal:0.00174468779481
leather:0.00174468779481
kiryati:0.00174468779481
gammadsp:0.00174468779481
jdsp:0.00174468779481
osculating:0.00174468779481
azariadis:0.00174468779481
subdivision:0.0017336760149
neighbouring:0.00171456441959
angular:0.00165897596786
differential:0.00164199296882
dsp:0.00160407184274
circles:0.00159228751636
warping:0.00158714737093
parametrization:0.00158714737093
neighbour:0.00158714737093
grid:0.00158424037396
torted:0.00157722728877
cylindric:0.00157722728877
leftside:0.00157722728877
vilanova:0.00157722728877
tangents:0.00156618959653
around:0.0015593706331
frame:0.00154867099537
cross:0.00150556887294
shape:0.00149932089292
metric:0.0014944755772
borders:0.0014924794937
kimmel:0.0014791963823
lvy:0.0014791963823
unwrapping:0.0014791963823
emil:0.0014791963823
khling:0.0014791963823
praun:0.0014791963823
distances:0.0014505531324
unfolding:0.00144540155971
beside:0.00144540155971
ese:0.00140959132554
siggraph:0.00137806051277
screen:0.00137200839976
annual:0.00136252230789
cani:0.00135556198809
torsion:0.00135556198809
paule:0.00135556198809
sapiro:0.00135556198809
drawing:0.00133939947484
processed:0.00133331489905
sole:0.00128065979383
cloth:0.00127400585416
meshes:0.00127383001309
cad:0.00126201506419
guillermo:0.00124160329832
bicubic:0.00124160329832
photograph:0.00124160329832
preserves:0.00123857628233
painting:0.00121300135205
polygonal:0.00121094716489
eduard:0.00118739735147
levoy:0.00118739735147
sampled:0.00118557325399
aided:0.00118557325399
image:0.00117641040863
cortex:0.00116421878906
acceleration:0.00115878054453
polygon:0.00115878054453
preserved:0.00115628332533
cutting:0.00115186480748
nowhere:0.0011430429464
checkerboard:0.0011430429464
constructive:0.00111334722542
pedersen:0.00110548683734
interpolation:0.00109248914195
marie:0.00107290650806
digitized:0.00105809824729
triangle:0.001056690649
hart:0.00103090045215
rectangle:0.00102900629982
coordinates:0.00102624560551
parallels:0.001018343841
modeling:0.0010179015474
joining:0.00100454960613
compromise:0.000995161787083
triangulated:0.000994986329132
tangential:0.000994986329132
anna:0.000973631142308
belonging:0.000967035421601
mesh:0.000960390096905
eurographics:0.000953957262085
cut:0.000937662182503
io:0.000935715155407
textured:0.000935715155407
visual:0.000934480066645
laurent:0.000918707008512
flat:0.000915196870395
geometric:0.000910167728879
fm:0.000880608478471
cluster:0.000876792183277
nikola:0.000872343897405
atlases:0.000872343897405
kikinis:0.000872343897405
anatomic:0.000872343897405
synder:0.000872343897405
shoemaker:0.000872343897405
petty:0.000872343897405
seamster:0.000872343897405
gangnet:0.000872343897405
greatnumber:0.000872343897405
michaels:0.000872343897405
preservers:0.000872343897405
geodesic curvature:0.0334651007842
initial curve:0.0164694330735
texture mapping:0.0151418372529
curve c:0.01245965702
curvature preservation:0.0105176031036
flattening plane:0.0095614573669
x x:0.0086314531724
arc length:0.00858922496456
computer graphics:0.00814226685287
non distorted:0.00764916589352
distortion threshold:0.00669302015683
d surface:0.00630967054889
seam lines:0.00573687442014
texture plane:0.00573687442014
piecewise flattening:0.00573687442014
techniques p:0.00571590447549
interactive techniques:0.00561842201214
differential geometry:0.00552497724701
sample points:0.00529054206901
distortion metric:0.00523469505995
tangent plane:0.00516854002282
m kl:0.00478072868345
isoparametric curves:0.00478072868345
surface onto:0.00478072868345
shoe modeling:0.00478072868345
distorted texture:0.00478072868345
cross angles:0.00478072868345
surface flattening:0.00478072868345
relaxation procedure:0.00443812469954
annual conference:0.00430162944461
normal vector:0.0042000330461
point x:0.00387474960135
length preservation:0.00382458294676
main curvature:0.00382458294676
flattening algorithm:0.00382458294676
side threshold:0.00382458294676
onto curves:0.00382458294676
angle preserver:0.00382458294676
output screen:0.00382458294676
flattening technique:0.00382458294676
hemisphere around:0.00382458294676
mapped onto:0.0037556259731
left side:0.00364289804656
j gamma1:0.0035434626654
m ij:0.00352440360691
three angles:0.00348979670663
d surfaces:0.00348979670663
alla sheffer:0.00348979670663
c j:0.00337647378054
straight line:0.00318753579074
planar curve:0.00304693932375
step ii:0.00295874979969
figures 14:0.00295874979969
texture synthesis:0.00295874979969
affine interpolation:0.00286843721007
preservation algorithm:0.00286843721007
meridian c:0.00286843721007
onto straight:0.00286843721007
curvature flattening:0.00286843721007
curvature kg:0.00286843721007
twelve points:0.00286843721007
chord line:0.00286843721007
tp j:0.00286843721007
flattened region:0.00286843721007
initial meridian:0.00286843721007
distance preservation:0.00286843721007
cross angle:0.00286843721007
curves parallel:0.00286843721007
de textures:0.00286843721007
euclidian distance:0.00286843721007
mesh parameterization:0.00286843721007
point m:0.00281952288553
right side:0.00280748424796
straight lines:0.00270196917465
developable surfaces:0.00261734752998
curved surfaces:0.00254831921637
graphics tog:0.002531044761
tog v:0.002531044761
cad tool:0.00247041496103
plane one:0.00247041496103
m j:0.00241425231354
iteration n:0.00221906234977
relaxation process:0.00221906234977
subdivision algorithm:0.00221906234977
graphics v:0.00221124050713
x x x:0.0146919418529
geodesic curvature preservation:0.0110573692709
interactive techniques p:0.00649295371415
graphics and interactive:0.00611231687651
side of c:0.00552913989939
distorted texture mapping:0.00502607694131
non distorted texture:0.00502607694131
plane with geodesic:0.00502607694131
conference on computer:0.00418766311295
