nonsmooth:0.0283240601562
msam:0.0183154646004
sam:0.0136498984693
lipschitzian:0.0124651150895
newton:0.0114334183344
globally:0.00738445739206
convergent:0.00732256571038
complementarity:0.00694190507605
jjf:0.00688335698449
convolution:0.00633687967543
smooth:0.00631626903693
lc:0.0062671282312
convergence:0.00596351430696
differentiable:0.00565106239428
thetan:0.00560968515843
nondifferentiable:0.0050935607826
damped:0.00505786788503
successive:0.0048851411868
smoothing:0.00454064736821
jj:0.004385655342
trust:0.00410461820554
nonlinear:0.00398128224651
convex:0.00395525956384
variational:0.00372997083756
phi:0.00359023875132
fx:0.00356060170527
kernel:0.00352732876939
accumulation:0.00350773916636
superlinearly:0.00333232588369
equations:0.00319674314475
qi:0.00303472073102
monotone:0.00297868666983
broyden:0.00295953466297
decomposition:0.00292344100025
nonsingular:0.0028527468924
rightarrow:0.00275334279379
xiaojun:0.00275334279379
approximation:0.00261592766474
continuously:0.00260047672959
modulus:0.0025593837066
pang:0.0024930230179
continuity:0.00248919319885
iteration:0.00247016406555
continuous:0.00246987353946
operator:0.00214865815534
normal:0.00207846467051
locally:0.00205287291008
quasi:0.00199706337556
ilker:0.00183154646004
poliquin:0.00183154646004
bintong:0.00183154646004
womersley:0.00183154646004
liqun:0.00183154646004
jiye:0.00183154646004
birbil:0.00183154646004
rangaraj:0.00183154646004
chitzian:0.00183154646004
valued:0.00178111794094
superlinear:0.00177934909492
professor:0.0017664587175
lim:0.00172679460814
maximal:0.00167176571543
mollifier:0.0016557489919
guanglu:0.0016557489919
cherng:0.0016557489919
continu:0.0016557489919
boor:0.0016557489919
houyuan:0.0016557489919
neurobiology:0.0016557489919
nonnegative:0.00163992886405
bg:0.00162196003252
uniformly:0.00161727856664
definite:0.0015879870189
han:0.00158421991886
subgra:0.0015528376514
dients:0.0015528376514
nonsmoothness:0.0015528376514
cauchy:0.00154889097037
ff:0.00152812446599
jjxjj:0.00147976733149
jjzjj:0.00147976733149
olvi:0.00147976733149
ffk:0.00147976733149
subgradients:0.00147976733149
continous:0.00147976733149
defeng:0.00142304816257
nonexpansive:0.00142304816257
severely:0.00141276559857
entropic:0.0013766713969
thankful:0.0013766713969
kth:0.0013431783615
jjx:0.00133743178533
lips:0.00133743178533
integration:0.0013111305885
infty:0.00130341607971
resolvent:0.00130341607971
stopping:0.00128640146174
conjugate:0.0012756725958
featured:0.00127339019565
nonsingularity:0.00127339019565
sqp:0.00127339019565
upgraded:0.00127339019565
mangasarian:0.00127339019565
minf:0.00124651150895
stants:0.00124651150895
delta:0.00122929573446
quadratic:0.0012232869869
ous:0.00122217901001
region:0.00122112414938
chen:0.00121538323173
gammaf:0.00119994893549
inequality:0.00119736503519
projection:0.00119585877071
pi:0.00118686723509
numerical:0.00116919141759
piecewise:0.00116877482354
shu:0.00116052310882
commack:0.00114285774171
optimization:0.00112295952409
nonincreasing:0.00111077529456
nova:0.00111077529456
differentiability:0.00109610786137
pa:0.00109328590937
satisfying:0.0010908777702
shapiro:0.00108222346681
euclidean:0.00106999534849
dz:0.00106904172921
strongly:0.00106405153599
establish:0.00105163321499
fk:0.00103307257256
quote:0.00102210302461
polyhedra:0.00102210302461
infinite:0.00100648844497
rob:0.000982299403706
az:0.000982299403706
carl:0.000982299403706
gabriel:0.000973221309342
arising:0.000967802667749
algorithmically:0.000955949240365
fz:0.0009397333709
inequalities:0.000926574344385
australian:0.000924449260336
famous:0.000909993231284
assumptions:0.000897633179377
ae:0.000897441185808
suggestion:0.000896277992691
nondecreasing:0.000896277992691
merit:0.000896277992691
primal:0.000889674547462
fang:0.00088322935875
boundedness:0.00086476962761
differential:0.000861869504219
pursue:0.000847489161
continuation:0.000841964996248
polyhedral:0.000836550676535
outstanding:0.000836550676535
mr:0.00083124175723
jiang:0.000820923641108
rate:0.000802432869958
subproblem:0.000801383594062
dr:0.000801383594062
proves:0.000797239180471
monte:0.000796707853124
kg:0.000796707853124
proposition:0.000794662131515
sun:0.000781903749891
regularization:0.000778757357118
nonsmooth equations:0.0328541399708
successive approximation:0.0223933824957
normal decomposition:0.0183201061272
approximation method:0.0156574967244
r n:0.0111724128604
iteration function:0.0103749915697
lc 1:0.0103749915697
locally lipschitzian:0.0100388033125
k k:0.00961886632116
solving nonsmooth:0.0091600530636
globally convergent:0.00912622475069
newton method:0.00812572046974
globally lipschitzian:0.00803104264999
integration convolution:0.00803104264999
kernel function:0.0080266243133
damped newton:0.00799763660562
f 0:0.00746183218238
monotone operator:0.00740071167939
solve f:0.00732804245088
iteration functions:0.00732804245088
maximal monotone:0.00725100758184
k g:0.00694383902176
global convergence:0.00671229065592
fx k:0.00668885359442
f k:0.00663068398257
trust region:0.00644145228951
uniformly continuous:0.00639810928449
smooth kernel:0.00639810928449
dimensional smooth:0.00602328198749
nonlinear complementarity:0.00592056934351
z z:0.00573465616882
complementarity problem:0.0055966520176
continuously differentiable:0.00555528394278
get d:0.00550808109838
construct f:0.00549603183816
convergent methods:0.00549603183816
smoothing newton:0.00518749578486
newton methods:0.00503967472594
k 0:0.0047444886335
x k:0.00463506040092
k 2:0.00458008215613
smooth function:0.00457258946428
r m:0.00456883067343
strongly convex:0.00454222226768
g k:0.00446591141126
superlinearly convergent:0.00444042700763
accumulation point:0.00444042700763
ff 2:0.00437031601982
nonlinear equations:0.00432999090064
variational inequality:0.00427022637937
n thetan:0.00417914430285
broyden like:0.004015521325
severely nonsmooth:0.004015521325
xiaojun chen:0.004015521325
operator problem:0.004015521325
convergent successive:0.004015521325
nonsmooth partial:0.004015521325
nonsmooth equation:0.004015521325
differentiable function:0.00401331215665
m thetan:0.00401331215665
line search:0.00396058247809
k satisfying:0.00386487137371
given ae:0.00366402122544
using convolution:0.00366402122544
pi c:0.00366402122544
f defined:0.00363339343115
vector x:0.00358602051409
nonnegative integer:0.00353934957876
assumption 2:0.00351037885448
d k:0.00345995511422
smallest nonnegative:0.00345833052324
kth step:0.00345833052324
continuous let:0.00345833052324
jjf jj:0.00345833052324
test problem:0.00345549464634
level set:0.00335614532796
inequality problem:0.00331233718754
establish convergence:0.00331233718754
may solve:0.00319905464225
nonsmooth optimization:0.00319905464225
approximate f:0.00319905464225
theorem 1:0.00314887497207
since lim:0.00310646234671
continuous function:0.00310000312512
k f:0.00305112966401
decomposition 1:0.00302814817845
may construct:0.00302814817845
proves 5:0.00302814817845
let k:0.00298473287295
quasi newton:0.00296028467176
region methods:0.00290040303274
general convex:0.00290040303274
convergence rate:0.00284387333148
ae ff:0.0027983260088
initial vector:0.0027983260088
phi r:0.00275404054919
successive approximation method:0.0212884733727
lc 1 optimization:0.0105553985954
decomposition of f:0.0102171934525
solving nonsmooth equations:0.00967657880576
maximal monotone operator:0.00851432787709
f to get:0.0084443188763
sam and msam:0.0084443188763
get d k:0.00774126304461
ff 2 0:0.00751317522571
damped newton method:0.00732990000283
k g k:0.00633417012782
dimensional smooth kernel:0.00633323915722
thetan and b:0.00633323915722
f is locally:0.00633323915722
sam is well:0.00633323915722
give a normal:0.00633323915722
k k 2:0.00601054018057
k k k:0.00592207012154
fx k g:0.00584066582742
bounded and uniformly:0.00580594728346
z z z:0.00577542479322
k 2 k:0.00569507842602
nonlinear complementarity problem:0.00549742500212
g k k:0.00549742500212
k is infinite:0.00527847152477
