nondegeneracy:0.0318814856641
nondegenerate:0.0272463750319
face:0.0233881597342
polyhedron:0.0223619252477
lp:0.0188734991232
ir:0.017253671026
cc:0.0117518010839
faceg:0.00950573816935
polyhedra:0.00795708212653
pg:0.00654483109942
fb:0.00572995772352
optimize:0.00567281227949
affine:0.00542460103576
fh:0.00535486180862
dual:0.00518270454028
complementarity:0.00514693328359
fc:0.00505219475435
tsuchiya:0.00480000136208
nonempty:0.00476729657122
degeneracy:0.00469144676321
fx:0.00461988656499
fy:0.00418387186481
deltaoe:0.00402961881003
feasible:0.00391053276421
linearly:0.00377877674664
pointed:0.00371858083675
sc:0.0035971739101
maximal:0.00347059002173
vertex:0.00334390207473
implication:0.00328302578229
monteiro:0.00317155854865
frg:0.00311387143221
faces:0.00294574871176
primal:0.00288588546912
cycling:0.00284440350349
strongly:0.00276121723377
proposition:0.00257768855448
characterizations:0.00255473936606
hyperplanes:0.00254907018174
vanderbei:0.00253677675868
lemma:0.00249573901731
simplex:0.00237993858161
lineality:0.00237643454234
argminf:0.00237643454234
karmarkar:0.00233540357416
ri:0.0023087083753
degenerate:0.00230230163219
minimal:0.00229719951489
said:0.0022181748273
parametric:0.00209520477558
statements:0.00199001259652
satisfying:0.00198158197981
submatrix:0.00194595678128
xe:0.00184640732994
murty:0.00184640732994
scaling:0.00169670941632
interior:0.00166369310034
sensitivity:0.00164649542628
rank:0.0016236824021
xb:0.0016173507317
preview:0.0016173507317
null:0.00152294362693
ng:0.00152294362693
contradiction:0.00142554327366
convergence:0.00142536019228
kx:0.00142220175175
properly:0.00137524891077
subject:0.00133042614539
dimension:0.00130439271193
notions:0.00125572555214
jn:0.00124034571063
gammay:0.00124034571063
index:0.00123128453681
dim:0.00119947443476
aucamp:0.00118821727117
rangeb:0.00118821727117
thatb:0.00118821727117
subface:0.00118821727117
postoptimal:0.00118821727117
nemhauser:0.00118821727117
beale:0.00118821727117
maxfb:0.00118821727117
hedron:0.00118821727117
fri:0.00118821727117
equivalences:0.00117170616627
strict:0.00115550172795
scattered:0.00112204001321
unrestricted:0.00112204001321
reverse:0.00108597782792
wendell:0.00107416851923
magnanti:0.00107416851923
steinberg:0.00107416851923
akg:0.00107416851923
bland:0.00107416851923
inclusion:0.00106007018661
specialized:0.00103020788356
pivoting:0.00102776397431
xn:0.00101612177954
dikin:0.00100740470251
deltafi:0.00100740470251
charnes:0.00100740470251
ff:0.000991372003167
fg:0.000988561694516
dantzig:0.000960000272415
rows:0.000941627949839
conclude:0.000931094228723
nonsingular:0.000925360945457
schrijver:0.000923203664968
orlin:0.000923203664968
lagarias:0.000923203664968
nonzero:0.00090769307411
cg:0.000891238060094
imply:0.000883922183077
maximize:0.000878112421831
subvector:0.000867659969874
megiddo:0.000845592252894
mehrotra:0.000826112935935
jffj:0.000808675365849
contradicts:0.000794549428537
quadratic:0.000793608438084
slackness:0.000792889637161
claim:0.000774142579606
equivalence:0.000770807099571
ul:0.000765191400273
uler:0.000765191400273
hb:0.000752890320598
hoffman:0.000752890320598
wolfe:0.000752890320598
adler:0.000752890320598
fffi:0.000741429899165
gal:0.000741429899165
strictly:0.000735062705145
letting:0.000724951402263
greenberg:0.000720616385214
wiley:0.000720616385214
characterization:0.000715459640017
reader:0.000714695244094
barnes:0.000711100875873
strong:0.000702012440768
sk:0.000693541700391
postponed:0.000685401376796
deals:0.000681972226852
prices:0.000663090177211
notion:0.000657960250648
implications:0.000654072381086
ward:0.000649691307602
hn:0.000637267545435
shadow:0.000631378124256
combinatorial:0.000627862776069
williams:0.000620172855313
hy:0.00061483257539
unified:0.000605128716074
ec:0.000599737217381
concept:0.000591181420902
terminology:0.00058156377136
slack:0.000577177093825
convex:0.000570217309464
understood:0.000560967090308
meanings:0.000549809289689
jx:0.000542712938903
jxj:0.000542712938903
ready:0.000539472385726
hall:0.000539268773141
uniquely:0.000537723609714
treatment:0.000535981080801
lemmas:0.000532514533958
equivalently:0.000530790402751
columns:0.000524717018046
scalars:0.000522983983101
resolving:0.000519898265247
thetan:0.000519898265247
active:0.000515392223706
equalities:0.000513881987157
anti:0.000513881987157
marginal:0.000510947873211
papers:0.000507260700332
lems:0.000499667484443
obviously:0.000498817017593
duality:0.0004969541467
geometric:0.000495894804025
appealing:0.000491646360457
throughout:0.000488147434006
maximization:0.000483964329252
page:0.000476973093344
poly:0.000476592441322
generalized:0.000464312466882
ming:0.000433770106774
stating:0.000431865502045
chapter:0.000412079974484
union:0.000407245769223
proofs:0.000407245769223
observations:0.000404516709964
necessarily:0.000402810537368
maximizing:0.000400469143064
constant cost:0.047729705938
cost face:0.0442822951707
lp problem:0.036840790763
ir m:0.0235183921732
problem optimize:0.0221411475854
minimal face:0.0221411475854
maximal constant:0.0208387271392
y 2:0.0158282585501
cc nondegeneracy:0.0156290453544
face f:0.0147526443143
cc nondegenerate:0.0143266249082
optimize fc:0.013024204462
f y:0.0118371678823
optimize fb:0.0104193635696
fh linearly:0.0104193635696
linear programming:0.0103799902949
linearly independent:0.0102463232117
ir n:0.0102315031442
lp problems:0.00950730084208
problem 11:0.00942040895631
strongly nondegenerate:0.00911694312338
feasible polyhedron:0.00911694312338
set fh:0.00897358030229
fx j:0.00846662118236
contains exactly:0.00827443178286
nonempty face:0.00781452267718
affine set:0.00781452267718
lemma 3:0.00774717000594
one point:0.00754333041569
theorem 4:0.00728346059019
f 0:0.00726065834087
complementarity condition:0.00705299218649
j y:0.00689535981905
dual nondegeneracy:0.00651210223099
cost nondegeneracy:0.00651210223099
cost faceg:0.00651210223099
pointed polyhedron:0.00651210223099
affine scaling:0.00625284465311
x 2:0.00616158096643
several equivalent:0.00576094853596
points satisfying:0.00576094853596
y j:0.00573089968599
b y:0.00565322581625
feasible points:0.00564441412157
optimal face:0.00560848768893
every y:0.00535958113124
deltaoe x:0.00520968178479
necessarily pointed:0.00520968178479
strongly dual:0.00520968178479
dual nondegenerate:0.00520968178479
polyhedron p:0.005188011515
b 2:0.00509402344786
equivalent conditions:0.00503785156178
positive components:0.00491084691442
x b:0.00481809849894
exactly one:0.00478717198166
ri f:0.00475365042104
degenerate linear:0.00475365042104
following statements:0.00463094942297
let b:0.00452254265497
global convergence:0.00435421649322
optimal solution:0.00405374294382
point g:0.00403028124942
strict complementarity:0.00392867753154
f frg:0.00390726133859
polyhedron fx:0.00390726133859
pointed polyhedra:0.00390726133859
minimal faceg:0.00390726133859
strong nondegeneracy:0.00390726133859
minimal faces:0.00390726133859
null h:0.00390726133859
every constant:0.00384063235731
index r:0.00384063235731
programming problems:0.00368050576707
r 2:0.00362535289443
m positive:0.00356523781578
independent c:0.00356523781578
equivalent characterizations:0.00356523781578
h r:0.00355608887787
point f:0.00352018104793
scaling methods:0.00336509261336
implication follows:0.00336509261336
standard form:0.00326920211549
proposition 3:0.00326729995789
parametric analysis:0.00322303531367
reverse implication:0.003112806909
rank f:0.003112806909
lemma 4:0.00300480745469
y e:0.00298874061581
sensitivity analysis:0.00296620713892
main results:0.00294094023788
unique optimal:0.00282220706079
set ff:0.00282220706079
m satisfying:0.00277006629837
simplex algorithm:0.00277006629837
interior point:0.00274205620676
scaling algorithm:0.00272288207235
problem subject:0.00272288207235
y f:0.0027109819857
indeed let:0.00267979056562
j f:0.00262546829423
pivoting rules:0.00260484089239
sc o:0.00260484089239
face hence:0.00260484089239
constant cost face:0.0451875884952
