uzawa:0.0477926111797
inexact:0.0194482017904
saddle:0.0109595715708
preconditioned:0.0104779791736
qb:0.0103293286561
uid:0.00970787414589
qa:0.00943327510857
bpid:0.00920385130855
preconditioners:0.00734459249343
stokes:0.0072930756714
preconditioner:0.00653927249738
ustd:0.00613590087237
pcg:0.00597407639747
convergence:0.00560799719327
inner:0.00560250870482
mixed:0.00554200854789
nonlinear:0.00493991638829
multigrid:0.00470113996349
omega:0.00451242823321
conjugate:0.00427365658702
discretization:0.00384218030246
norm:0.00380402467897
delta:0.00372607057028
umg:0.00369797214373
operator:0.00319922808097
converges:0.00304304167816
eigenvalue:0.00295921483646
gradient:0.00295208938092
elliptic:0.00280100920737
ffi:0.00273860201888
definite:0.00265997372906
norms:0.00255704027483
fl:0.00253601645264
iterations:0.00245956870055
elasticity:0.00244806209015
sdm:0.00238369122832
fx:0.00231941963773
mesh:0.00225173369163
simplices:0.00218330029705
iteration:0.00206883666008
bpmg:0.00204530029079
iterative:0.00204174908001
symmetric:0.00203763808553
mathematics:0.00203264939582
eigenvalues:0.00199579170222
spaces:0.00197736331442
ba:0.00195855799825
indefinite:0.0019053873702
preconditioning:0.0019053873702
ssume:0.00184898607187
discretizations:0.00184487561239
lagrange:0.00171083266574
inequality:0.00167138201793
errors:0.00163021530803
inversion:0.00162436509641
gram:0.00160057668993
action:0.00159853466658
tends:0.00159372830486
psi:0.00158519769475
krylov:0.00156112547132
ae:0.00150326794188
pressure:0.0014802643217
smoothing:0.0014487347301
iterate:0.00144260584011
inverse:0.00142567736761
conditioned:0.0014012181435
porous:0.00139198781322
deltak:0.00139198781322
dirichlet:0.00138365670929
product:0.00137983648704
arising:0.00135093971198
deltac:0.00133999107325
monotone:0.00133052780148
scaled:0.00132395117902
eigenvector:0.00131925598838
approximation:0.00130686340193
nonzero:0.00130202401634
solvability:0.00129596398657
converge:0.00126793403257
variational:0.00124958508099
equations:0.00124943862422
multiplier:0.00123681095864
cui:0.00122403104507
nonnegative:0.00122087975223
velocity:0.00117210099731
cornell:0.0011413893445
shall:0.00113828367121
remark:0.00112382406471
reformulated:0.00106751496724
rate:0.00104542923394
reformulation:0.00104075031421
invert:0.00103233872699
div:0.00102415803724
preconditoner:0.00102265014539
qiya:0.00102265014539
hurwicz:0.00102265014539
mixtes:0.00102265014539
incompressibles:0.00102265014539
givesb:0.00102265014539
mingrong:0.00102265014539
velte:0.00102265014539
tanguy:0.00102265014539
zulehner:0.00102265014539
yanqiu:0.00102265014539
gammaffii:0.00102265014539
queck:0.00102265014539
navier:0.0010084397108
replaces:0.00100570169132
college:0.00100087968232
schwarz:0.00100087968232
numerical:0.000979232959095
piecewise:0.000978884049058
adjoint:0.000965694078421
differential:0.000962455491061
government:0.000959124085745
je:0.000959124085745
square:0.000926007403449
tioners:0.000924493035933
ematics:0.000924493035933
enes:0.000924493035933
pitman:0.000924493035933
ladyzhenskaya:0.000924493035933
kunoth:0.000924493035933
upton:0.000924493035933
royalty:0.000924493035933
yeilds:0.000924493035933
products:0.000913659304098
approximate:0.000907482434495
seidel:0.000905626856467
vanish:0.000905626856467
station:0.000900221970063
sweep:0.000884554536671
completes:0.000881677531785
au:0.000869643595571
ska:0.000867032141754
finis:0.000867032141754
brookhaven:0.000867032141754
authored:0.000867032141754
homog:0.000867032141754
limites:0.000867032141754
subspaces:0.000864828499085
iteratively:0.000862115853371
elementary:0.000862115853371
lems:0.000860086851139
discontinuous:0.000837402819162
choleski:0.000826233082101
linearizations:0.000826233082101
todays:0.000826233082101
multipliers:0.000820367354082
gauss:0.000812182548205
suitably:0.000812182548205
unstable:0.000800288344963
ewing:0.000794563742774
uct:0.000794563742774
divergences:0.000794563742774
substructuring:0.000794563742774
probl:0.000794563742774
operators:0.000776778811657
inequalities:0.000776033867015
vergence:0.00076866911919
accordingly:0.000765807820769
fluid:0.000760110304106
avoided:0.000753268786637
brezzi:0.000746759549683
license:0.000746759549683
pressures:0.000746759549683
bertrand:0.000746759549683
raviart:0.000746759549683
angela:0.000746759549683
valued:0.000745869908708
convergent:0.000743378049071
department:0.000734504867832
babu:0.000727766765682
permeability:0.000727766765682
experimentally:0.000715257836088
media:0.000715257836088
restrictive:0.000712276097836
elman:0.000711001712014
precondi:0.000711001712014
emes:0.000711001712014
properly:0.000710172389853
involving:0.000697281648411
erators:0.00069599390661
dans:0.00069599390661
texas:0.000694924710415
inexact uzawa:0.0398889984768
uzawa algorithm:0.0347535795706
saddle point:0.0138295249102
point problems:0.0103187331833
h 1:0.0100585705189
mixed finite:0.00971561151713
finite element:0.00954539093702
inner product:0.00923920285325
delta delta:0.0083250491767
uzawa method:0.00715956382917
preconditioned uzawa:0.00714401223447
h 2:0.0069972664479
uzawa iteration:0.00672548690511
conjugate gradient:0.00600590394211
stokes equations:0.00554525761325
delta inner:0.00511397416369
first equation:0.00477753025855
nonlinear uzawa:0.00448365793674
uzawa methods:0.00448365793674
uzawa algorithms:0.00446500764654
gradient algorithm:0.00442231422143
element discretization:0.00442231422143
preconditioned conjugate:0.00413482659723
space h:0.00413482659723
table errors:0.00409117933095
positive definite:0.00400416710053
elliptic problems:0.00377384390167
m 1:0.00373926504342
table 7:0.00347776147026
preconditioner qb:0.00336274345255
uid ustd:0.00336274345255
iterations uid:0.00336274345255
properly scaled:0.00336274345255
largest eigenvalue:0.00329331103513
second order:0.00318613242341
let fx:0.0031245598276
effective preconditioners:0.00306838449821
approximate inverse:0.00291147892847
mesh size:0.00291147892847
theta h:0.00287696329761
algorithm 2:0.00280294186781
parameter h:0.00278436951094
solution pair:0.00277387150722
order elliptic:0.00275655106482
fx y:0.00267900458793
l 2:0.0026511403378
convergence rate:0.00264618094841
inner products:0.00251589593444
well conditioned:0.0024982738095
numerical mathematics:0.0024982738095
domain decomposition:0.00248117152668
applied numerical:0.00248117152668
y one:0.00242890287928
method converges:0.00238402847948
indefinite systems:0.00238402847948
convergence factor:0.00238402847948
omega gamma:0.00238207118703
v cycle:0.0023434198707
mathematics v:0.00232833716811
satisfy 2:0.00230633361781
one sdm:0.00224182896837
outer uzawa:0.00224182896837
abstract saddle:0.00224182896837
rate ffi:0.00224182896837
gram matrices:0.00224182896837
h 200:0.00224182896837
symmetric operator:0.00224182896837
product qa:0.00224182896837
mixed approximation:0.00224182896837
monotone error:0.00224182896837
bpid iterations:0.00224182896837
converge provided:0.00224182896837
linear symmetric:0.00224182896837
nonlinear approximate:0.00224182896837
au u:0.00224182896837
deltac inner:0.00224182896837
preconditioner qa:0.00224182896837
ustd y:0.00224182896837
bpid 1:0.00224182896837
solving indefinite:0.00224182896837
product data:0.00224182896837
establish experimentally:0.00224182896837
order problems:0.00224182896837
sdm step:0.00224182896837
unique solvability:0.00224182896837
delta deltac:0.00224182896837
abstract inexact:0.00224182896837
per inexact:0.00224182896837
l projection:0.00224182896837
reported error:0.00224182896837
consequently m:0.00224182896837
nonlinear process:0.00224182896837
e x:0.00223759270357
vector valued:0.0020882771332
one independently:0.00204558966548
ae given:0.00204558966548
approximation subspaces:0.00204558966548
definite operator:0.00204558966548
good preconditioners:0.00204558966548
ffi satisfy:0.00204558966548
inexact uzawa algorithm:0.0259262217091
saddle point problems:0.0117433894925
