shape:0.0181274020816
factorization:0.0175288576831
motion:0.0155173649218
frame:0.0126840440188
camera:0.0118890253701
yaw:0.0108872196955
singular:0.0106570518382
sequential:0.0101215081391
eigenvectors:0.00978247695977
recovered:0.00794896786029
pitch:0.00764264600125
roll:0.00710303398291
satellite:0.00698254445584
frames:0.00601105949859
errors:0.00542356551791
dominant:0.00524231976399
house:0.00515807592906
orthogonal:0.005117407095
image:0.00509795068625
images:0.00497521769958
deg:0.00488667665152
tomasi:0.00473086511881
kanade:0.00455674770876
dist:0.00449787651379
matrix:0.0042870870501
rank:0.00402925102119
orthographic:0.0039716751743
solar:0.00387393318269
coordinates:0.00384239337329
subspace:0.00380618611391
tracked:0.00380342149471
stationary:0.00372270730347
span:0.00340868129494
paraperspective:0.00329855515288
projection:0.00325806979466
squares:0.00303820649554
orthonormal:0.00303123505345
eigenvector:0.00292602302392
fp:0.0029166928307
feature:0.0028958324079
eigendecomposition:0.00283851907129
noise:0.00278154500722
vectors:0.00277502617314
batch:0.00272928126224
poelman:0.00272180492387
panel:0.00270462596678
dotted:0.00269779335497
recovery:0.00263100097386
decomposition:0.00256716664095
astronaut:0.00246055770746
plotted:0.00243704790151
matrices:0.00242109774944
iteration:0.00235982245322
metric:0.0023314606755
positions:0.00229555498187
measurement:0.00223199908196
features:0.00217571836875
convergence:0.00209894101464
shuttle:0.0020458290676
normalization:0.0019698773513
accuracy:0.00192968841399
solid:0.00190870294187
synthetic:0.00188007613512
overdetermined:0.00185240245701
3d:0.0018222977015
tracker:0.00178320724714
recovering:0.0016892939328
submatrix:0.00167157394446
vision:0.00163652107775
opaque:0.00160825904499
intrinsic:0.00153114430279
estimates:0.00150956175569
transformation:0.00150036724602
logarithmically:0.00145976496477
affine:0.00143376126774
gaussian:0.00141897747861
delopoulos:0.00136090246193
tyrone:0.00136090246193
diagonaliz:0.00136090246193
xirouhakis:0.00136090246193
applicability:0.00128791450738
recovers:0.00128510757537
transforms:0.00127347582093
stereo:0.0012678071649
perspective:0.00126009252607
aguiar:0.00123027885373
decompo:0.00123027885373
hoff:0.00123027885373
xiaolong:0.00123027885373
orthog:0.00123027885373
qr:0.0012199494019
video:0.0012054270987
covariance:0.00120517248651
tracking:0.00118832877688
spaces:0.00116950981171
dashed:0.0011593465721
recorder:0.00115381216304
suter:0.00115381216304
satisfac:0.00115381216304
iteratively:0.00114726976044
recording:0.00110289426737
raphy:0.00109951838429
maneuvering:0.00109951838429
pui:0.00109951838429
koichi:0.00109951838429
varied:0.0010933786209
kuen:0.00105737407712
conrad:0.00105737407712
harada:0.00105737407712
anastasios:0.00105737407712
decomposi:0.0010229145338
diffi:0.0010229145338
converge:0.00101238994837
converges:0.00101238994837
estimation:0.00101024410554
experiment:0.00100162472948
collected:0.000999124807499
chai:0.000993758143206
ms:0.000989258175619
updating:0.00098284779646
rescue:0.000968483295671
subpixel:0.000968483295671
flights:0.000968483295671
moura:0.000968483295671
yiannis:0.000968483295671
filled:0.000955840845157
mates:0.000946173023762
intelligence:0.000945069394554
object:0.000930635322833
bx:0.000926201228507
folds:0.000908121338948
tory:0.000908121338948
ritz:0.000908121338948
cessed:0.000908121338948
store:0.000907337540966
transform:0.000901884933217
series:0.000893730612642
reality:0.000885306949233
streams:0.000875112520037
inertial:0.000862308868696
teleoperators:0.000862308868696
sequentially:0.00085537880501
structural:0.000854708911701
ground:0.000852170323735
sition:0.000849182889028
needless:0.000849182889028
pei:0.000849182889028
beginning:0.000843456348416
dominated:0.000830309550332
digitized:0.000825344519511
produces:0.000819958964664
factorize:0.000814446108587
esti:0.000814446108587
rows:0.000808856990798
gl:0.000804129522493
columns:0.000801299783582
symmetric:0.000797531871599
focal:0.00079433503486
held:0.00079221918459
walking:0.000785011667249
incorporating:0.000783843947033
fea:0.000776115560008
factorized:0.000776115560008
madison:0.000776115560008
pace:0.000767608705555
addi:0.000767608705555
distortions:0.000759457951459
robustly:0.000751634207162
uncorrelated:0.000751634207162
superimposed:0.000744111806373
shape space:0.0372934643863
factorization method:0.0347880839738
original method:0.0247485972197
sequential method:0.0244101744163
sequential factorization:0.0238678172072
orthogonal iteration:0.01640912433
dominant eigenvectors:0.0134256471791
metric transformation:0.0119339086036
singular value:0.0111089372323
range range:0.0108892696333
camera coordinates:0.0104421700282
value decomposition:0.00953381518774
feature positions:0.009507414512
power method:0.00899322215336
roll pitch:0.0089504314527
true shape:0.0089504314527
original factorization:0.0089504314527
errors given:0.00770847613145
sequential original:0.00745869287725
measurement matrix:0.00738306300623
recovered shape:0.00738306300623
image sequence:0.00695510196938
recovered motion:0.0068057935208
space computation:0.00642373010954
solar panel:0.0059669543018
batch type:0.0059669543018
stationary basis:0.0059669543018
rank theory:0.0059669543018
camera roll:0.0059669543018
three dominant:0.0059669543018
sequential shape:0.0059669543018
real images:0.00535062901344
singular vectors:0.00511553568401
vector time:0.00492204200415
side view:0.00461611765021
dominant eigenvector:0.00447521572635
error deg:0.00447521572635
kanade 1:0.00447521572635
deg sequential:0.00447521572635
dist range:0.00447521572635
shape errors:0.00447521572635
yaw figure:0.00447521572635
sequential metric:0.00447521572635
pitch yaw:0.00447521572635
f range:0.00447521572635
deg roll:0.00447521572635
intrinsic errors:0.00447521572635
orthographic projection:0.00430991917423
feature vectors:0.00423029267382
time series:0.00421549926212
tracked features:0.00408347611248
subspace distance:0.00408347611248
range q:0.00408347611248
o fp:0.00408347611248
right singular:0.0040318699519
feature points:0.00387466259959
recovered camera:0.00385423806573
frame 0:0.00385423806573
processing time:0.00373988816547
method produces:0.00370550248603
fp 2:0.00369153150311
symmetric matrix:0.00356784291927
first three:0.00339457839151
singular values:0.00330199968943
orthonormal columns:0.00329917623275
selected features:0.00323243938068
gaussian noise:0.0032171237232
produces estimates:0.0029834771509
plotted logarithmically:0.0029834771509
pitch dashed:0.0029834771509
space errors:0.0029834771509
compute dominant:0.0029834771509
space determines:0.0029834771509
roll solid:0.0029834771509
overdetermined equations:0.0029834771509
errors shape:0.0029834771509
squares indicate:0.0029834771509
structural errors:0.0029834771509
vectors span:0.0029834771509
dist span:0.0029834771509
motion space:0.0029834771509
line pitch:0.0029834771509
opaque squares:0.0029834771509
singular matrix:0.00298183576918
algorithm 1:0.00297783943303
synthetic data:0.00275136079733
motion matrix:0.00272231740832
frames increases:0.00272231740832
eigenvectors 3:0.00272231740832
held camera:0.00272231740832
type scheme:0.00272231740832
dynamic property:0.00272231740832
span q:0.00272231740832
matrix also:0.00272231740832
several dominant:0.00272231740832
compute several:0.00272231740832
video recording:0.00272231740832
motion errors:0.00272231740832
original frame:0.00272231740832
shape matrix:0.00272231740832
q f:0.00262968808846
method suppose:0.00256949204382
motion becomes:0.00256949204382
filled squares:0.00256949204382
house image:0.00256949204382
frame number:0.00256949204382
paraperspective projection:0.00256949204382
original figure:0.00256949204382
transformation 3:0.00256949204382
feature tracker:0.00256949204382
sequential factorization method:0.0219576144792
shape and motion:0.0120992576706
singular value decomposition:0.0105207332865
shape space computation:0.00784200517114
