consistency:0.0267079146521
looseness:0.0140349214794
queens:0.0136358143432
constraint:0.0122010138688
tightness:0.0107595365831
instantiation:0.00957933110852
relations:0.00914406256236
backtrack:0.00810077681967
consistent:0.00733788124184
dechter:0.00725281876352
arity:0.00664359711965
loose:0.00654189246847
backtracking:0.00572742479481
globally:0.00572078641626
relational:0.00572023070055
relationally:0.00543961407264
network:0.00536238274776
networks:0.0052941420507
satisfaction:0.00438597379127
tight:0.00432158517743
nadel:0.00413848973998
enforcing:0.00413172155903
domains:0.00408993676311
strongly:0.00400714774881
restrictiveness:0.00331079179198
preprocessing:0.00326870325746
queen:0.00311067208814
constrain:0.00295654383571
hardest:0.00289867715034
colorability:0.0025723705508
constrains:0.0024674215369
preprocess:0.00241556429195
arc:0.00236779325947
coloring:0.002347722718
inherent:0.00231838986687
queries:0.00225024706205
confused:0.00207229595983
chess:0.00203599180956
binomial:0.00198148707488
constrained:0.00191983566274
dead:0.00188846020828
fx:0.00187725869237
strong:0.00185825120456
board:0.00184359063475
enforced:0.00182099553223
extension:0.00180761173352
explanatory:0.00179264610129
inherently:0.00175883429249
constraints:0.00170790669142
attack:0.00168561883396
kondrak:0.00165539589599
relation:0.00161254794886
deciding:0.00148758328073
ary:0.00147827191786
yuanlin:0.00140349214794
characterizing:0.00138368408611
fruitless:0.00133744942921
gammam:0.00126352140563
formulated:0.00124787786057
yap:0.00124426883525
instantiations:0.0012433775759
mackworth:0.00117805891152
bed:0.00117805891152
empirical:0.00112371551689
extensions:0.00110831332852
characterising:0.00110463488722
pi:0.00107271925278
tency:0.00106604636576
underestimates:0.00106604636576
consis:0.00106604636576
amortized:0.00105578954266
binary:0.0010511621717
rth:0.00104890879563
answered:0.00103851695507
roland:0.00103294241047
complementary:0.00102885075628
satisfies:0.0010275735649
tuple:0.000989769229698
inexpensive:0.000986029041664
ends:0.000983313199607
directional:0.000948658340966
jd:0.000923801382677
dd:0.000914284613796
reasoning:0.000909498386717
manner:0.000897751253429
base:0.000872960529551
estimating:0.000857248535334
ng:0.000848691461069
contradicts:0.000830210451663
bn:0.000828918383931
crossword:0.000827697947996
networkconstraint:0.000827697947996
ladkin:0.000827697947996
loosenessand:0.000827697947996
schaerf:0.000827697947996
meisels:0.000827697947996
backjump:0.000827697947996
enforce:0.00082691292225
queried:0.000810077681967
tuples:0.000807662671341
characterize:0.000799639774417
repair:0.000787035370142
observes:0.000781599661135
minimality:0.000776282134432
synthesizing:0.000771077588731
inconsistencies:0.000771077588731
inconsistency:0.00076598115834
informally:0.000754714189605
timetabling:0.000748252950654
backjumping:0.000748252950654
ordering:0.000746611796203
dn:0.000728608782502
guarantees:0.000726014352901
jacm:0.000724309834157
rs:0.000720083786645
satisfiability:0.000711840361946
hogg:0.000701746073971
propositional:0.000699962521186
participate:0.000696124793989
universal:0.000692936494059
search:0.000686641269138
satisfied:0.000681847528904
cartesian:0.000681332094095
vs:0.000679768614371
freuder:0.000668724714607
cnfs:0.000668724714607
degenerating:0.000668724714607
tractably:0.000668724714607
possess:0.000663977195558
hard:0.0006609107451
trivially:0.000660494835412
database:0.000649555488911
sufficient:0.000647910972567
erratum:0.000643092637699
puzzles:0.000643092637699
liberatore:0.000643092637699
sistency:0.000643092637699
colors:0.000641502318765
difficulty:0.000641143639809
fr:0.000638445822939
enhancement:0.000635424974124
lemma:0.000632182533519
loosely:0.000629486736093
dxe:0.000622134417627
usefully:0.000622134417627
beek:0.000622134417627
tre:0.000622134417627
deep:0.000620825779438
fewer:0.0006201125268
predicts:0.000618001433505
tractable:0.000615207206289
ensure:0.000614235776253
waltz:0.000604401563626
cutset:0.000604401563626
fbg:0.000604401563626
contradiction:0.000595809842703
puzzle:0.00058902945576
pitfall:0.00058902945576
tsang:0.00058902945576
relationships:0.000586144454562
amnon:0.000575460396408
counter:0.000571060592311
identifying:0.000563685023143
selman:0.000563313593523
query:0.000558222751129
ftrue:0.00055231744361
kautz:0.00055231744361
rem:0.00055231744361
aaai:0.00055231744361
empirically:0.0005512752815
usefulness:0.000549094406411
free:0.000545147359988
falseg:0.000542271404671
tighten:0.000542271404671
inequality:0.000541103708942
formulation:0.000537417150325
verified:0.000536935011884
conjunction:0.00053347001258
moshe:0.000533023182879
theo:0.000533023182879
vardi:0.000533023182879
erwise:0.000524454397815
domain:0.000520244856072
overestimates:0.000516471205234
pearl:0.000516471205234
greatest:0.000516350168748
ensures:0.000512035893989
local consistency:0.0468160902343
constraint network:0.0321542664303
constraint networks:0.0198398665208
l relations:0.0173836472499
globally consistent:0.0161420078818
backtrack free:0.0127217567396
n queens:0.0126328757335
global consistency:0.0102906604331
m tight:0.00907205264424
free manner:0.0084219171557
k consistent:0.00827792726187
k consistency:0.00823172494918
m loose:0.00725764211539
constraint looseness:0.00725764211539
constraint relation:0.00722745311938
relational consistency:0.00703189912988
constraint satisfaction:0.00702842336276
variable based:0.00673504768569
queens problem:0.00673504768569
x k:0.00663210463183
based local:0.00650470780744
relational m:0.00635043685097
constraint tightness:0.00625057700433
strongly k:0.00546925487879
m consistency:0.00544323158655
consistency algorithm:0.00535041031249
backtracking search:0.0052383704222
path consistency:0.00505921718356
relation based:0.00496675635712
strong consistency:0.00496675635712
consistency conditions:0.00491278500749
knowledge base:0.00486109365929
inherent level:0.00453602632212
backtracking algorithms:0.00453602632212
confused n:0.00453602632212
r gamma:0.00417965926927
network r:0.00413896363094
ensure global:0.00413896363094
m 1:0.00412684259188
variable x:0.00401482370887
variables fx:0.00401280773437
many queries:0.00393163530305
one extension:0.00374169315872
dead ends:0.00374169315872
dechter 5:0.0036288210577
nadel 22:0.0036288210577
network formulation:0.0036288210577
looseness values:0.0036288210577
chess board:0.0036288210577
strong relational:0.0036288210577
tightness values:0.0036288210577
strongly relationally:0.0036288210577
complementary properties:0.0036288210577
relationally m:0.0036288210577
high looseness:0.0036288210577
constraint relations:0.00361372655969
sufficient condition:0.00345871868536
additional variable:0.00342066664152
problems formulated:0.00331117090475
k colorability:0.00331117090475
order local:0.00331117090475
inherently strongly:0.00331117090475
consistent representation:0.00331117090475
gamma 1:0.00325885549948
graph k:0.00316105417117
condition 2:0.0031374899044
graph coloring:0.00303294388278
theorem 4:0.00299787004368
consistent proof:0.00299335452697
explanatory power:0.00280730571857
binary constraints:0.00273653331322
inherent local:0.00272161579327
two queens:0.00272161579327
network constraint:0.00272161579327
new complementary:0.00272161579327
consistency required:0.00272161579327
queens networks:0.00272161579327
d gammam:0.00272161579327
fewer relations:0.00272161579327
consistency sufficient:0.00272161579327
fx 1:0.00262109020203
size two:0.00257266510829
low order:0.00256366845083
consistency techniques:0.00248337817856
strong k:0.00248337817856
random problems:0.00248337817856
reasoning framework:0.00248337817856
equivalent globally:0.00248337817856
level of local:0.0231808507304
backtrack free manner:0.0104921951595
based local consistency:0.00786914636964
level of strong:0.00763005908543
exists an extension:0.00667630169975
dechter s theorem:0.00667630169975
n queens problem:0.0066231002087
