filters:0.0210103774012
images:0.0156013880709
image:0.0151525430096
diffusion:0.0149070183834
obs:0.013529359313
filter:0.0115312181428
reaction:0.0112790742334
aig:0.0101575964279
gibbs:0.01010386169
clutter:0.00868200998168
learned:0.00734656083719
histograms:0.00655181715332
aif:0.00605019095463
histogram:0.00592156657153
pyramid:0.00581400502783
statistics:0.00581255825118
prior:0.00575391555311
vision:0.00571647534762
ic:0.00563631535388
intensity:0.00554679753802
noise:0.0050788803623
grade:0.00470586410887
learning:0.00458670502072
entropy:0.00420270756692
texture:0.00408831605294
restoration:0.00389514338159
anisotropic:0.00389514338159
blobs:0.00377522914223
marginal:0.00371665095722
stripes:0.00369051884262
gabor:0.00366925043203
scales:0.00366436919285
zebra:0.00366394680181
denoising:0.00346050254841
leopard:0.00345725197408
potentials:0.0033763372151
synthesized:0.00323587303592
distributions:0.00321504668288
minimax:0.00299137874923
ff:0.00281239578459
inverted:0.00276339773338
responses:0.00266675553207
scenes:0.00266294140032
tails:0.00266078021158
zhu:0.00257248768769
gaussian:0.00247829065131
basin:0.00246034589508
chun:0.00243186806389
pixels:0.00240797691803
textures:0.00227562320048
song:0.00222999057433
renormalization:0.00219836808108
boat:0.00209492168485
markov:0.00208629769105
lg:0.00206914252894
intensities:0.00206902808647
displayed:0.00206370133155
intelligence:0.00200072079701
enhancement:0.00199060320086
segmentation:0.00198124867288
filtered:0.00196132903861
cusp:0.00194896772007
restored:0.00193698326845
energy:0.0018849578206
patterns:0.00185790258103
mumford:0.00184525942131
schnrr:0.00184525942131
lattice:0.00178369995841
curves:0.00178316012391
formation:0.00173387328666
bank:0.00173337423063
balboa:0.00172862598704
norberto:0.00172862598704
ocular:0.00172862598704
obsn:0.00172862598704
bayesian:0.00171608035428
smoothness:0.0016827761813
visual:0.00162028497687
observed:0.00158476596944
langevin:0.00156270714276
grzywacz:0.00156270714276
gcos:0.00156270714276
gsin:0.00156270714276
schmi:0.00156270714276
generic:0.00155195328512
sine:0.00149568937462
appearances:0.00147873954618
dashed:0.00147260855835
morphogenesis:0.00146557872072
rosario:0.00146557872072
descent:0.00146185381636
gradients:0.00145383882131
distortions:0.00144700166361
pattern:0.00143467703968
coughlan:0.00139661445657
features:0.00138180487504
invariant:0.00136543825239
posterior:0.00135334707738
removal:0.00134798014522
rbf:0.00134308251977
nian:0.00134308251977
pdes:0.00130875223477
fi:0.00130615461547
annealing:0.0012983811272
christoph:0.0012983811272
plotted:0.00128981333222
orientations:0.0012688698842
snakes:0.00126227720151
heat:0.00125039680021
chemical:0.00123277742518
pyramidal:0.00123017294754
cremers:0.00123017294754
differential:0.00122015743657
equations:0.00120684315565
averaged:0.00120398845902
surround:0.00120183431426
leibler:0.00120183431426
grades:0.00120183431426
temperature:0.00116942482998
ffi:0.00115729182637
black:0.00113409850842
kullback:0.00113251995418
potential:0.00112950584155
kg:0.00112790742334
distribution:0.00112147594132
statistical:0.00112137503438
sky:0.00111320527959
turing:0.00110249472329
bf:0.00109530959123
yuille:0.00109530959123
reproduces:0.00109530959123
srivastava:0.00107863689778
kh:0.00107863689778
fluctuation:0.00106302920042
ensembles:0.00106302920042
logarithm:0.00105611154203
variational:0.00105611154203
world:0.00105080358821
heavier:0.00104835726629
distorted:0.00103451404324
simulates:0.000986000206786
scale:0.000985770188455
empirical:0.000977854627422
duplicate:0.000976906283229
priors:0.00097502090959
plots:0.000954832081241
attractive:0.000948282207808
uc:0.000945175015651
big:0.000945032609864
sweeps:0.000935973879045
stochastic:0.000932198422612
modeling:0.000924486403598
extracted:0.000922739776184
outlier:0.000918532880912
bigger:0.000918320104649
enhances:0.000910249280194
gradient:0.000907278806736
flat:0.000906771456834
probability:0.000903031742578
goodness:0.000902231384917
enhance:0.000891849979204
robust:0.000888695573871
preferred:0.000888200417538
alpha:0.000888200417538
occlusion:0.000886926737194
kl:0.000879610709132
equation:0.000878311741402
ill:0.000877436088113
geometry:0.000874507158606
ics:0.000872501489849
pixel:0.00087040791381
div:0.000865587418132
isotropic:0.000865587418132
imagesa:0.000864312993519
sigelle:0.000864312993519
conductivities:0.000864312993519
knodo:0.000864312993519
diffuses:0.000864312993519
coats:0.000864312993519
tischhuser:0.000864312993519
postcards:0.000864312993519
kervrann:0.000864312993519
obsi:0.000864312993519
widow:0.000864312993519
speckles:0.000864312993519
kurtosis:0.000864312993519
renormalizable:0.000864312993519
asperity:0.000864312993519
hedvig:0.000864312993519
datsenko:0.000864312993519
sidenbladh:0.000864312993519
worldfrom:0.000864312993519
cumulant:0.000864312993519
coat:0.000864312993519
natural images:0.023506754564
prior models:0.0211321983327
reaction diffusion:0.0125710331021
diffusion equations:0.0121448186122
f ff:0.00961582418219
generic prior:0.00757873832282
potential functions:0.00732876983147
r x:0.00725045344459
prior learning:0.00663139603247
anisotropic diffusion:0.0064296098535
linear filters:0.0064296098535
noise image:0.00625157600958
image pyramid:0.00605091440207
obs z:0.00605091440207
prior model:0.00571520875866
observed statistics:0.00568405374211
gibbs reaction:0.00568405374211
computer vision:0.00547509126409
filter f:0.00547012900838
gibbs distributions:0.00528304958317
minimax entropy:0.00518649805892
marginal distributions:0.00500080766383
vision v:0.00481874663487
learned potential:0.00473671145176
clutter removal:0.00473671145176
synthesized image:0.00468868200718
r y:0.00465804616292
song chun:0.00439726189888
chun zhu:0.00439726189888
image enhancement:0.004286406569
uniform noise:0.00419034436736
observed images:0.00407944883556
filter responses:0.00407944883556
machine intelligence:0.00398670625971
pattern analysis:0.00396089633781
image restoration:0.0038984015331
scale invariant:0.0038984015331
inverted potentials:0.00378936916141
ffi filter:0.00378936916141
denoising image:0.00378936916141
leopard blobs:0.00378936916141
average histogram:0.00378936916141
aig ic:0.00378936916141
existing prior:0.00378936916141
pattern formation:0.00378936916141
ff obs:0.00378936916141
attractive basin:0.00378936916141
zebra stripes:0.00378936916141
gibbs distribution:0.00366438491574
gabor filters:0.00366438491574
potential function:0.00360593406832
image features:0.00360593406832
x y:0.00357849479479
intelligence v:0.0035207927528
natural image:0.00349195363947
maximum entropy:0.00342131722085
image segmentation:0.00328632168637
type incorporating:0.00284202687106
noise images:0.00284202687106
visual computation:0.00284202687106
renormalization group:0.00284202687106
ic aig:0.00284202687106
entropy theory:0.00284202687106
international journal:0.00280619435951
f fi:0.00279356291157
distribution p:0.00271740242227
equation 14:0.00262120655724
observed image:0.0025989343554
texture patterns:0.00259324902946
appropriate features:0.00259324902946
experiment ii:0.00259324902946
images fi:0.00259324902946
general smoothness:0.00259324902946
typical sample:0.00259324902946
ff z:0.00252485627488
image using:0.00249168296202
world scenes:0.00244766930134
image intensities:0.00244766930134
world images:0.00244766930134
dashed curves:0.00244766930134
texture pattern:0.00244766930134
markov random:0.00237792137613
image b:0.00237792137613
restored image:0.00234434100359
careful choice:0.00234434100359
fi z:0.00234434100359
d gaussian:0.00234434100359
gradient descent:0.00232970260985
information criterion:0.00226416410707
features extracted:0.00226416410707
two extreme:0.00224561085256
line process:0.00219863094944
multiple scales:0.0021432032845
filter bank:0.00209517218368
christoph schnrr:0.00209517218368
image processing:0.00209180301021
real world:0.0020802977972
distribution f:0.00205279033251
