thm:0.0278575992743
ir:0.0195963329439
bpm:0.0193221364733
ri:0.0170649760118
cf:0.0165453567814
convex:0.0164377210935
lem:0.0155790196951
oe:0.0129046579309
fx:0.0108135991448
bregman:0.0106438616038
proximal:0.0103573772411
inf:0.00933331490467
thms:0.00873376916306
cl:0.00853430131064
rem:0.00703283764183
multiplier:0.00672730395924
closed:0.00622915701508
crh:0.00614795251422
def:0.00601724976361
phi:0.00590270469541
arg:0.00550965671272
proper:0.00533449176848
ex:0.00531375880599
ae:0.00516418470716
forcing:0.0051299015844
convexity:0.00505554557336
nondecreasing:0.00472770035338
cofinite:0.00439139465302
maxd:0.00396989507412
fy:0.00386567191494
lim:0.00386422129577
inexact:0.00375809150197
roe:0.00366376219334
smooth:0.00359673766771
barrier:0.00359041532845
imroe:0.00351311572241
fl:0.00344849659591
differentiable:0.00338730762821
convergence:0.0033112034819
nonempty:0.00323013157304
compact:0.00289303760565
strictly:0.00285246481169
nonquadratic:0.00272956923711
sup:0.00257636981793
subdifferential:0.00256534722717
minimization:0.00255847646215
penalty:0.00255248988128
entropy:0.00249119307727
remark:0.00241292440574
burg:0.00238193704447
cor:0.00237774435802
sharp:0.00227454162894
assertions:0.00224061860421
shifted:0.00215903207304
ff:0.00212506026911
alg:0.00210246032259
ppa:0.00204717692783
recession:0.00204717692783
lagrangians:0.00204717692783
polyhedral:0.0020057499212
continuously:0.00199520479197
continuous:0.00189500004573
nondifferentiable:0.00183188109667
lemma:0.00178884129033
imrh:0.00175655786121
nondescent:0.00175655786121
kiwiel:0.00175655786121
strict:0.00170819402573
dual:0.00170259179649
subsume:0.0016967893862
rh:0.00162030911779
xk:0.00162030911779
limit:0.00160378834259
liebler:0.00158795802965
quadratic:0.00156426962696
vi:0.00154216576645
maximizes:0.00148004754368
minima:0.0014235389013
gammad:0.00140006238901
xiu:0.00136478461856
fffl:0.00136478461856
iv:0.0013598923382
minimizer:0.00132989961021
ascent:0.00132030664647
entropic:0.00132030664647
converges:0.00130672224656
lagrangian:0.00129911195158
cr:0.00129911195158
iff:0.00126466378527
subgradient:0.00125005060542
carroll:0.00122125406445
prop:0.00120344995272
solves:0.00117701208006
kullback:0.00115081969345
descent:0.00111410630422
lems:0.00110799792565
duality:0.00110198117915
im:0.00109992194379
essentially:0.00108063044057
nonlinear:0.00106063263725
iii:0.00104908849641
dh:0.00101323823993
convergent:0.000957649027254
conjugate:0.000917582262594
ck:0.000916810023502
fz:0.000901258076769
continuity:0.000895229518513
invoke:0.000891614073743
fh:0.000879573947911
egularisation:0.000878278930603
naihua:0.000878278930603
ibspan:0.000878278930603
barier:0.000878278930603
nouvelles:0.000878278930603
minffx:0.000878278930603
vayatis:0.000878278930603
infeasibilities:0.000878278930603
frish:0.000878278930603
indentical:0.000878278930603
desrosiers:0.000878278930603
lindberg:0.000878278930603
transl:0.000878278930603
convexg:0.000878278930603
nazin:0.000878278930603
equentielles:0.000878278930603
newelska:0.000878278930603
croe:0.000878278930603
tsybakov:0.000878278930603
juditsky:0.000878278930603
appendix:0.000872846469389
monotone:0.000857019289453
relaxation:0.000857019289453
standing:0.000818198476488
yields:0.000803429814255
waw:0.000793979014824
rachford:0.000793979014824
imr:0.000793979014824
minimiza:0.000793979014824
birgin:0.000793979014824
c h:0.0317379416896
ri c:0.0306757699304
closed proper:0.024616340146
b function:0.0223850213006
proper convex:0.0206459627031
bpm method:0.0192530342022
c f:0.017540716099
k g:0.0166466517496
ir m:0.0159923923721
cl c:0.0158109416525
ex 7:0.0154024273618
cf roc70:0.0134771239416
oe ir:0.0122973990631
strictly convex:0.0117228202977
essentially smooth:0.0116070480818
convex function:0.0112449196718
multiplier methods:0.0099488983558
f x:0.0097303778496
inf compact:0.00962651710111
oe 2:0.00958017734968
c oe:0.00937825623813
limit point:0.00886182334627
ex 9:0.008663865391
lem 9:0.008663865391
b functions:0.008663865391
h cf:0.00829074862984
cf rem:0.00770121368089
ae c:0.00767339405726
def 2:0.00744720560153
ffl k:0.00715509946719
bregman functions:0.0070270851789
x ae:0.0069057571544
thm 23:0.00673856197078
cf lem:0.00673856197078
rem 8:0.00673856197078
fy k:0.00670248504138
fl k:0.00664496115292
thm 8:0.00663259890387
fx k:0.00641414733501
x k:0.0062966610331
thm 26:0.00614869953154
k 1:0.00604409139972
f ae:0.00594210182649
ir n:0.0059418553193
lem 2:0.00580352404089
cf assumption:0.00577591026067
lem 8:0.00577591026067
thm 9:0.00577591026067
ae cl:0.00577591026067
lem 7:0.00577591026067
bounded cf:0.00577591026067
cf def:0.00527031388417
assumption 3:0.00522625898396
cf 3:0.00500080997969
d k:0.00497678598325
crh oe:0.00481325855056
arg maxd:0.00481325855056
rem 9:0.00481325855056
consider ex:0.00481325855056
exact bpm:0.00481325855056
maximizes d:0.00481325855056
def 9:0.00481325855056
inf c:0.00481325855056
g maximizes:0.00481325855056
proximal point:0.00476445293148
assumption 7:0.00476445293148
lem 3:0.00476445293148
oe k:0.00470074656382
g ae:0.0046455635413
bregman function:0.00439192823681
lem 4:0.00439192823681
penalty functions:0.0043556765658
let h:0.00433074626075
continuously differentiable:0.00426170603902
strict convexity:0.00425806196163
k cf:0.00414537431492
x 1:0.00397675112091
multiplier method:0.0039703774429
remark 8:0.0039703774429
imroe ae:0.00385060684045
sharp minima:0.00385060684045
h fx:0.00385060684045
thms 8:0.00385060684045
cf ber82:0.00385060684045
alg 7:0.00385060684045
h y:0.00383669702863
remark 9:0.003834589799
ff 2:0.00377174734211
thm 4:0.00372360280077
c 6:0.00367975262475
l k:0.00367010817488
h oe:0.0036297304715
since oe:0.00358686337241
f k:0.00357658127213
example 7:0.00354676474301
function h:0.00351872328809
proximal minimization:0.00351354258945
ae ri:0.00351354258945
l l:0.00341211919763
d h:0.00336621019679
modified barrier:0.00331629945193
thm 5:0.00331629945193
conclusion follows:0.00330116768138
phi 0:0.00325231793963
convex programming:0.00316493690938
oe 0:0.00315478654977
point x:0.00312089187818
arg min:0.0030676718392
lemma 9:0.00295674073702
l 1:0.00293684005056
oe 2 phi:0.0194836838295
closed proper convex:0.0194836838295
ri c f:0.0182170094606
c f x:0.0158128630211
proper convex function:0.0111335336168
cl c h:0.0111326168926
continuous on c:0.0101205608115
f x ae:0.0101205608115
forcing on gamma1:0.0101205608115
ri c h:0.00910850473031
cf roc70 thm:0.00910850473031
oe ir m:0.00910850473031
ex 9 7:0.00910850473031
function on ir:0.00878492390059
def 2 1:0.00878492390059
c f ae:0.00809644864917
ae c h:0.00809644864917
ff 2 ir:0.00759153123048
assumption 3 1:0.00734721621767
fx k g:0.00700006886899
fy k g:0.00635337588627
f k g:0.00621874556764
k g ae:0.00620327978171
cf rem 8:0.00607233648687
bounded cf rem:0.00607233648687
cf def 2:0.00607233648687
lem 8 10:0.00607233648687
limit point x:0.00590452429037
x k 1:0.00588342561302
convexity of h:0.00556676680842
x 2 c:0.0052825101505
assumption 7 1:0.00506028040573
g maximizes d:0.00506028040573
exact bpm method:0.00506028040573
c h cf:0.00506028040573
rem 8 11:0.00506028040573
thm 23 8:0.00506028040573
lem 7 2:0.00506028040573
crh oe ir:0.00506028040573
k g maximizes:0.00506028040573
def 9 1:0.00506028040573
g c 6:0.00506028040573
ae cl c:0.00506028040573
x ae cl:0.00506028040573
consider ex 9:0.00506028040573
x k g:0.0047650319147
x 1 e:0.00439246195029
proof of thm:0.00439246195029
point x 1:0.00421751735027
e g c:0.00420004132139
f x k:0.00420004132139
b function h:0.00404822432458
lem 3 2:0.00404822432458
alg 7 4:0.00404822432458
h cf def:0.00404822432458
holds if f:0.00404822432458
ae ri c:0.00404822432458
c h fx:0.00404822432458
ex 7 8:0.00404822432458
thm 26 1:0.00404822432458
cf assumption 3:0.00404822432458
ex 7 5:0.00404822432458
fl k 1:0.00397085992892
c h oe:0.00371117787228
thm 4 6:0.00371117787228
proximal point algorithm:0.00351396956023
g is bounded:0.00320746339574
k c k:0.00310163989085
