psitc:0.026041476505
newton:0.0162563768609
timestep:0.0147707113459
jacobian:0.0103776812383
krylov:0.00927583713945
ffi:0.00871720896588
midrange:0.00823967739501
nonlinear:0.00754760856242
steady:0.00740081576861
fffi:0.0073122722548
inexact:0.00680958538824
ser:0.00615495104249
continuation:0.00598565533176
keyes:0.00588548385358
convergence:0.00580149178303
ode:0.00575314251937
transient:0.00549782231304
euler:0.00458529762202
pseudo:0.0045641119816
defect:0.00445539537618
timesteps:0.00434432686644
iterate:0.00413274613443
ptc:0.00390622147575
tte:0.00390622147575
terminal:0.00381954250205
residual:0.00374980101462
echet:0.00362108869036
chord:0.0035446548457
dae:0.00341224672075
truncation:0.0033979932022
unstructured:0.00326743771094
discretization:0.00326133195942
schwarz:0.0031858872813
stagnate:0.00315596631342
iteration:0.00313585116262
phase:0.00297510764052
lipschitz:0.00297358206077
corrector:0.00297026358412
jjf:0.00293608897887
phases:0.00292718390272
kaushik:0.00277985407057
solver:0.00277027594405
differential:0.00275722175778
correction:0.00264368711851
switchover:0.0026041476505
navier:0.00256796120879
fx:0.00253128510999
cfd:0.00251553916387
stokes:0.00247621286845
jacobians:0.00243742408493
preconditioning:0.0024260056412
kf:0.0024021549619
preconditioner:0.00237886564862
airfoil:0.00220787111313
icase:0.00210397754228
gropp:0.00210397754228
globalization:0.00210397754228
aerodynamic:0.00202333252798
fr:0.0020087124703
kelley:0.0019016005968
superlinear:0.00189744890427
norm:0.00188355100454
residuals:0.00184433306206
inviscid:0.00181054434518
inexactly:0.00181054434518
solvers:0.00179141047696
pde:0.00178414923646
trajectory:0.00176171997082
landing:0.00170612336037
dinesh:0.00170612336037
cfl:0.00167702610924
upwind:0.00167702610924
iterations:0.00165791045408
ball:0.00160773266656
sufficiently:0.00159976992315
equations:0.00159082882468
outset:0.00157933360506
risks:0.00155847900894
nonsingular:0.00152104538693
grid:0.00147791336219
dynamics:0.00147381059561
cell:0.0014534359604
discretized:0.00140132598673
economical:0.00139666273286
temporal:0.00138966773272
physics:0.00138934212472
conditioned:0.00133805985092
cdrom:0.00131440966518
incompressible:0.00130399372573
subiteration:0.00130207382525
curfman:0.00130207382525
mcinnes:0.00130207382525
subiterations:0.00130207382525
pernice:0.00130207382525
shamanskii:0.00130207382525
vode:0.00130207382525
lsode:0.00130207382525
globalized:0.00130207382525
mcmullan:0.00130207382525
polyalgorithmic:0.00130207382525
equilibrates:0.00130207382525
momentary:0.00130207382525
stumbles:0.00130207382525
tidriri:0.00130207382525
algebraic:0.00129823220443
nasa:0.0012839806044
updating:0.00125381544063
stability:0.00125381544063
volumes:0.0012130028206
max:0.0011914417494
radius:0.00118292445177
item:0.00118292445177
numerically:0.00118292445177
ffl:0.00118264001103
integrals:0.00118188444373
polished:0.00117709677072
logan:0.00117709677072
odu:0.00117709677072
shadid:0.00117709677072
nondimensionalized:0.00117709677072
fallen:0.00117709677072
misled:0.00117709677072
nagi:0.00117709677072
refactor:0.00117709677072
howle:0.00117709677072
ivp:0.00117709677072
retreats:0.00117709677072
mcrae:0.00117709677072
subsonic:0.00117709677072
trust:0.00116721383698
preconditioned:0.00116008073515
quadratic:0.00115953740089
inf:0.00115307569315
diagonal:0.0011262224769
root:0.00112549049873
reevaluate:0.00110393555657
hampton:0.00110393555657
multicomponent:0.00110393555657
grind:0.00110393555657
tuminaro:0.00110393555657
knoll:0.00110393555657
coffey:0.00110393555657
mesh:0.00107511969557
attack:0.00106067686569
minima:0.00105521872268
termination:0.00105325661114
practiced:0.00105198877114
homer:0.00105198877114
reassuring:0.00105198877114
nance:0.00105198877114
numerics:0.00105198877114
dassl:0.00105198877114
lois:0.00105198877114
unprotected:0.00105198877114
norfolk:0.00105198877114
inversion:0.00103409914144
predictor:0.00102898782645
switched:0.00101895502711
elliptic:0.00101895502711
blocksize:0.00101166626399
rosenbrock:0.00101166626399
kek:0.00101166626399
exogenous:0.00101166626399
heats:0.00101166626399
thoughtful:0.00101166626399
chords:0.00101166626399
fig:0.00100672716571
matrix:0.00100609361689
iterative:0.000999856201966
dominion:0.000978696326289
ncsu:0.000978696326289
exhaustion:0.000978696326289
transonic:0.000978696326289
glitches:0.000978696326289
organizers:0.000978696326289
diffusive:0.000978696326289
policy:0.00097183311755
numerical:0.00096972831642
fluid:0.000967798944476
accurate:0.000966003779432
update:0.000964593172072
hybrid:0.000955934974322
everywhere:0.000954885625512
residence:0.000950800298399
let assumption:0.0117730882202
fffi n:0.0117207755179
transient continuation:0.00999069807594
pseudo transient:0.00999069807594
n g:0.00955938363489
steady state:0.00919178123774
let fffi:0.00856345549366
assumption 1:0.00838664110838
hold let:0.00824715573207
ffi max:0.0078138503453
defect correction:0.0078138503453
terminal phase:0.0078138503453
assumption 2:0.00748619435765
newton krylov:0.00737519667342
fx n:0.0070638529321
inexact newton:0.00631306970712
pseudo timestep:0.00570897032911
temporal truncation:0.00570897032911
ffi n:0.00570582949744
state solution:0.00568522321127
initial phase:0.00489436318101
ffl 3:0.00475485791453
ffl 1:0.0047071255402
nonlinear equations:0.00461704488217
initial iterate:0.00430519643746
physical transient:0.00428172774683
e keyes:0.00428172774683
midrange phase:0.00428172774683
every timestep:0.00428172774683
residual norm:0.00426607678652
f 0:0.00424347177686
krylov methods:0.00412357786603
fr echet:0.00412357786603
truncation error:0.00404739405344
kf x:0.00390692517265
radius ffl:0.00390692517265
krylov schwarz:0.00390692517265
hold assume:0.00390692517265
differential algebraic:0.0038575502278
newton step:0.00380388633163
true jacobian:0.00368759833671
linear convergence:0.00362174102124
f x:0.00349731185545
time step:0.00345985025132
newton method:0.00330072758819
order discretization:0.0032288973281
x 2:0.00319836229764
item 1:0.00315653485356
unstructured grid:0.00315653485356
stokes equations:0.00313808369347
navier stokes:0.00307802992144
sufficiently small:0.00301300641188
ffi 0:0.00292247358022
lemma 2:0.00290867227524
euler code:0.00285448516455
control volumes:0.00285448516455
state residual:0.00285448516455
pde structure:0.00285448516455
timestep ffi:0.00285448516455
k kaushik:0.00285448516455
ode dae:0.00285448516455
switched evolution:0.00285448516455
four element:0.00285448516455
d gropp:0.00285448516455
iteration phases:0.00285448516455
often stagnate:0.00285448516455
standard globalization:0.00285448516455
krylov vectors:0.00285448516455
psitc iteration:0.00285448516455
residual reduction:0.00285448516455
globalization strategies:0.00285448516455
inexact form:0.00285448516455
relaxation ser:0.00285448516455
chord method:0.00285448516455
nonlinear defect:0.00285448516455
convergence domain:0.00285448516455
free newton:0.00285448516455
evolution relaxation:0.00285448516455
triangular cells:0.00285448516455
landing configuration:0.00285448516455
mesh cfd:0.00285448516455
psitc technique:0.00285448516455
q quadratic:0.00285448516455
euler equations:0.0028154311761
part 3:0.00274739370215
newton iteration:0.00274739370215
either 1:0.00273086849133
accurate solution:0.00260706569221
let ffi:0.00260706569221
element airfoil:0.00260461678177
large ffi:0.00260461678177
newton convergence:0.00260461678177
jacobian information:0.00260461678177
allow ffi:0.00260461678177
q linearly:0.00260461678177
cfd application:0.00260461678177
state form:0.00260461678177
nonlinear residual:0.00260461678177
fig 4:0.00259698910862
initial value:0.00253038763382
phase changes:0.00245839889114
near field:0.00245839889114
q factor:0.00245839889114
convergence tolerance:0.00245839889114
state solutions:0.00245839889114
theorem 2:0.00238830933734
cfl number:0.00235461764403
far field:0.00235461764403
equations iterative:0.00235461764403
