cache:0.0221101629277
misses:0.021421319902
sparse:0.0189094066393
ls:0.0142141641152
interferences:0.0138522277651
nnz:0.0113054279496
transposition:0.0109339723963
accesses:0.00940874281079
hit:0.00923168590697
banded:0.00670582546179
associativities:0.00645327714797
rt:0.00620451901802
interference:0.00597256366971
matrix:0.0059240584745
accessed:0.00588233172539
dot:0.00580072150146
pn:0.00535548827972
caches:0.00524871664455
ct:0.00519874563066
probability:0.00463474471899
cs:0.00455830848809
cross:0.00438007697036
vectors:0.00423407698742
matrices:0.00384797957208
harwell:0.00351360400164
miss:0.00345845000328
boeing:0.00344048333343
access:0.0033543036113
mapped:0.00324846953395
lines:0.00315513550718
pg:0.00311924737839
associative:0.00306303543986
area:0.00299141418229
band:0.00290458574942
lru:0.00281074447951
entries:0.00268254823324
product:0.00259155804032
row:0.0025484277325
calculated:0.00244926097235
zapata:0.00221653738329
accessing:0.00219281482866
sg:0.00218679447926
self:0.00210008420083
competes:0.00207838886363
bandwidth:0.00206683223423
binomial:0.00198837375982
predicted:0.00196702091397
associativity:0.00190908277478
dineroiii:0.00187713378458
kwords:0.00187713378458
sequential:0.00178190604961
loop:0.00175879192677
zeros:0.00174957221485
uniform:0.00169230246582
gammap:0.00168644668771
crs:0.00167762219083
noticeable:0.0016741857756
traces:0.00165630986232
codes:0.00165516267272
rows:0.00164551614155
gb:0.00162564913904
irregular:0.00161920234592
fraguela:0.00161331928699
doallo:0.00161331928699
shiuh:0.00161331928699
intrinsic:0.00155745866943
replacement:0.00150025964948
compete:0.00146058771265
deviation:0.00144863500864
belonging:0.00143864400022
synthetic:0.00143429045379
emilio:0.0014131784937
consecutive:0.00139366085421
products:0.00139135235258
positions:0.00136208716622
delta:0.00129411365033
enddo:0.00127691745402
thousands:0.00123070668084
kernels:0.00121281688758
jen:0.00121197980904
yeh:0.00121197980904
compressed:0.00119556262904
multiprogramming:0.00117120133388
calculation:0.00116750328534
locality:0.00116698682895
analytical:0.00115890800692
transposed:0.00114682777781
referenced:0.00111735773063
probabilistic:0.00111525853077
covered:0.0011046506568
ching:0.00110334755363
displaced:0.00109339723963
groups:0.00105323189902
prediction:0.00104005941146
brite:0.00103821827916
assso:0.00103821827916
interfence:0.00103821827916
euram:0.00103821827916
parametrizable:0.00103821827916
tpg:0.00103821827916
funcion:0.00103821827916
warts:0.00103821827916
focuse:0.00103821827916
besides:0.00103319784933
probabilities:0.00101629584517
chun:0.000973725141768
group:0.000972915491719
specially:0.000954541387388
trace:0.000948885409312
galicia:0.00093856689229
transposi:0.00093856689229
criterium:0.00093856689229
ujaldn:0.00093856689229
modelization:0.00093856689229
xunta:0.00093856689229
ciative:0.00093856689229
demostrate:0.00093856689229
algebra:0.000921573785625
vector:0.000909434216028
validated:0.000908533978389
modifications:0.000898001894546
softer:0.000880231252342
measured:0.000875994515594
nc:0.000868438612243
yuan:0.000868438612243
simulations:0.000847153738241
comprise:0.000845738612428
basilio:0.000838811095415
ulator:0.000838811095415
tourio:0.000838811095415
ekmr:0.000838811095415
favoured:0.000838811095415
profiling:0.000837092887798
patterns:0.000836896660261
competing:0.000832856071521
chung:0.000828674500208
gerardo:0.000806659643497
subblock:0.000806659643497
areas:0.000804214928924
calculates:0.000785931661085
spec:0.000782310704479
calculate:0.000780892460796
bandera:0.000780370817687
ramn:0.000780370817687
unbalance:0.000780370817687
associate:0.000780044558593
pattern:0.000775504443769
memory:0.000766317066743
similarities:0.000764781797221
pr:0.000764781797221
deltam:0.000758127711721
spreads:0.000758127711721
nevertheless:0.000758116820773
explained:0.000753255625709
kernel:0.000749804322102
phenomena:0.000741704835879
estima:0.000738845794429
vera:0.000738845794429
jingling:0.000738845794429
multidimensional:0.000720119076479
union:0.000711671193438
references:0.000711671193438
spatial:0.000707055147513
modeling:0.000706681158303
cicyt:0.000706589246852
matri:0.000706589246852
traditionally:0.000697026357519
characterizing:0.000694246549363
penalizes:0.000692796287877
loops:0.000682281086533
log:0.000680483501051
trix:0.000680195095274
sparse matrix:0.0398317859123
area vector:0.025035581533
vector product:0.0173654107351
matrix vector:0.0140386293782
cross interferences:0.0112644204614
cache set:0.00951639853266
area vectors:0.00910384783018
access probability:0.00910384783018
first hit:0.00844831534604
hit rt2:0.00796586685141
cache size:0.00749386428728
cross interference:0.00725278346355
sequential access:0.00704286148815
hit probability:0.00682788587264
interference probability:0.00682788587264
vector x:0.00660570526903
self interferences:0.0063461855306
vector rt:0.00568990489386
log figure:0.00568990489386
interference area:0.00568990489386
different associativities:0.00568990489386
p first:0.00564742856703
given line:0.00563221023069
cache behavior:0.00522278344325
p hit:0.005191837028
dot product:0.00518340649988
dot products:0.00503358947777
bandwidth reduction:0.00490037785288
k way:0.00484065305745
measured table:0.00455192391509
program vector:0.00455192391509
predicted measured:0.00455192391509
measured misses:0.00455192391509
remaining vectors:0.00455192391509
k accesses:0.00455192391509
non zeros:0.00453298966472
way associative:0.00438114979622
harwell boeing:0.00428466456519
cache sizes:0.00419778144057
loop 4:0.00410980694024
vectors corresponding:0.00390241453861
banded sparse:0.00375480682046
self interference:0.00362639173177
direct mapped:0.00359377935343
sparse matrices:0.00351410868478
lines mapped:0.00341394293632
c nnz:0.00341394293632
entries distribution:0.00341394293632
matrix 20k:0.00341394293632
probability area:0.00341394293632
lines belonging:0.00341394293632
synthetic matrices:0.00341394293632
boeing matrices:0.00341394293632
hit rt4:0.00341394293632
cs ls:0.00341394293632
banded distribution:0.00341394293632
different lines:0.00335572631851
cache lines:0.0032897046183
banded matrices:0.00328784555219
associative cache:0.00326423965203
matrix transposition:0.00317213284422
miss probability:0.0031151022168
lru replacement:0.0030329464273
reference probability:0.00294022671173
usually accessed:0.00294022671173
uniform reference:0.00294022671173
access patterns:0.00289732881223
associative caches:0.00277158319592
access pattern:0.00274583366453
another line:0.00271979379883
cache sets:0.00264107305806
delta w:0.00257449139159
miss equations:0.00257449139159
probabilistic model:0.00255420173293
l zapata:0.00251679473889
real matrices:0.00246588416414
n delta:0.00242430778809
k 4:0.00235557870876
total area:0.00234144872316
non zero:0.00233119441628
algebra kernel:0.00227596195755
memory considering:0.00227596195755
vector competes:0.00227596195755
cs beyond:0.00227596195755
hit x:0.00227596195755
hit rt3:0.00227596195755
associativities perform:0.00227596195755
li n:0.00227596195755
gb b:0.00227596195755
number of misses:0.0249790409587
sparse matrix vector:0.0226544066584
matrix vector product:0.0192158304032
number of lines:0.00850072312511
p first hit:0.00837486947885
area vectors corresponding:0.00598204962775
first hit rt2:0.00598204962775
k 4 log:0.0047856397022
misses and deviation:0.0047856397022
line of x:0.0047856397022
lines of x:0.0047856397022
k way associative:0.0047856397022
predicted measured table:0.0047856397022
interference area vector:0.0047856397022
deviation of model:0.0047856397022
sparse matrix transposition:0.0047856397022
w and cs:0.0047856397022
lines of vector:0.0047856397022
ratio of sets:0.0047856397022
way associative cache:0.00448719673076
probability of accessing:0.00438719763123
predicted and measured:0.00386025266199
cross interference probability:0.00358922977665
self interference probability:0.00358922977665
