panoramic:0.0317771580923
camera:0.0315838458123
epipolar:0.0149536665026
stereo:0.0142492267017
image:0.0125726521502
images:0.0111835627458
scene:0.0108804643403
panoramas:0.00889234705848
median:0.00846765997475
cylindrical:0.0076523534733
szeliski:0.00719956489381
multibaseline:0.00711125274321
tracks:0.00674376743608
recovered:0.00670054454382
motion:0.00640667203985
omnidirectional:0.00635543161847
filtered:0.00634682377616
camcorder:0.00611821994252
synthetic:0.00573547104839
kang:0.00536479196739
tracking:0.00534237906416
depth:0.00524810903365
panorama:0.00510588152022
hartley:0.00510588152022
rotated:0.00495211566221
reconstruction:0.00485178652261
compositing:0.00459872494558
tracker:0.00458101651398
recovery:0.00410366533573
focal:0.00408125518576
views:0.00403383054361
merging:0.00397111126652
room:0.00388035694032
scenes:0.00384697685067
tomasi:0.00364604359973
geometry:0.00353736083887
levenberg:0.00349941280558
framegrabber:0.00349612568144
marquardt:0.00343576238549
unconstrained:0.00341992401798
distortion:0.00325696610324
office:0.00322738119946
tripod:0.00316055677476
rotation:0.00313551842919
displacement:0.00302401935424
optical:0.0030052890642
composited:0.00296411568616
epipoles:0.00296411568616
intrinsic:0.00295010465594
vertical:0.00292239500219
constrained:0.00275134332426
rayshade:0.00262209426108
ishigura:0.00262209426108
aperture:0.00261536557176
extracting:0.00260924404004
radial:0.00256627438314
extracted:0.00256606668988
parallax:0.0024880102849
locations:0.00245597026954
feature:0.00241778022923
iterative:0.00241619222342
displacements:0.00241366274238
spline:0.00241076230699
feet:0.00233294187039
positions:0.002293365479
equipment:0.00228117946774
shi:0.00224232314353
okutomi:0.00222308676462
rectilinear:0.00221525073656
squares:0.00219517857784
mesh:0.0021650578708
hessian:0.00213856198595
registration:0.00212280585106
lab:0.00212280585106
extract:0.00209240547424
optic:0.00206578939595
panning:0.0020372764228
rotating:0.00198338243005
recover:0.00197172895359
resampled:0.00191470557008
calibrated:0.00191160532726
recovering:0.00180823144542
derivatives:0.0017744811884
composite:0.00176038974516
faugeras:0.00174970640279
reprojecting:0.00174806284072
center:0.00170924684884
angular:0.00166218520682
height:0.00165431069114
uncalibrated:0.00159021765964
ik:0.00158670594404
slits:0.00158027838738
vases:0.00158027838738
vision:0.00157656872778
rms:0.00154934204697
collinear:0.00153047069466
pixels:0.00152190779096
projection:0.00152180052972
texture:0.00150337654969
frames:0.00148483338711
texturedness:0.00148205784308
textureless:0.00148205784308
kanade:0.00146327190357
coordinates:0.00143952318535
viewpoints:0.00141974710271
planes:0.00141665441864
mitigates:0.00141231813744
rectifying:0.00141231813744
depths:0.00140628790222
errors:0.00139330093247
calibration:0.00138072632926
laboratory:0.00136313697674
plenoptic:0.00135818428187
ometry:0.00135818428187
bolles:0.00135818428187
ray:0.00134837040686
poses:0.00134199050272
commercially:0.00133425171766
maps:0.00132105381536
ffi:0.00131659260551
elemental:0.00131392141302
inches:0.00131392141302
essential:0.0013050186516
narrow:0.00129929143749
press:0.00129345231344
axis:0.0012849942677
field:0.00127740427366
photorealistic:0.00127647038005
worse:0.0012722453151
tape:0.00126445639426
pose:0.00125420737168
rectified:0.00124400514245
uncertainty:0.00122776606685
location:0.0012194300149
mcmillan:0.00121534786658
reconstructing:0.00119762985865
med:0.00118969433583
bishop:0.00118969433583
deriche:0.00118969433583
sectional:0.00118969433583
plane:0.0011866196741
translation:0.00118277435459
pixel:0.00117359316344
perpendicular:0.0011540930552
rig:0.0011452541285
resting:0.0011452541285
calibrate:0.0011452541285
refine:0.00114159682885
resolution:0.00113398389404
projections:0.0011240715044
acquisition:0.00110871829163
placements:0.00110762536828
centers:0.00110263945424
matrix:0.0010909523263
shum:0.00107498201334
mounted:0.00106014510643
equating:0.00106014510643
reliance:0.00103289469798
angle:0.001032237738
numerous:0.000989311622152
intersection:0.000972940341213
distances:0.000968906122453
passing:0.000966852140855
cylinders:0.000946498068472
shape:0.000938888302476
murray:0.000937525268148
textured:0.000937525268148
basics:0.000937525268148
accuracy:0.000929498082619
rays:0.000928860961909
aspect:0.000926810373214
wide:0.000900224066808
covering:0.000898187437104
snapshots:0.000889501145107
correspondences:0.000882311989009
filtering:0.00088019487258
viewing:0.00088019487258
track:0.000879984464387
planar:0.000876684570769
misestimated:0.000874031420359
pettey:0.000874031420359
occlu:0.000874031420359
remodeling:0.000874031420359
denseness:0.000874031420359
zakhor:0.000874031420359
recompositing:0.000874031420359
affixed:0.000874031420359
misestimation:0.000874031420359
avideh:0.000874031420359
unregistered:0.000874031420359
panoramic images:0.0183568792544
d data:0.0180253476197
median filtered:0.0143699339315
panoramic image:0.0132010372379
point algorithm:0.0109089709952
epipolar geometry:0.0100788123876
constrained search:0.00957995595431
d point:0.00915850274605
multibaseline stereo:0.00786723396616
synthetic room:0.00766396476345
kang et:0.00766396476345
recovered 3:0.00670596916802
essential matrix:0.00650191380953
depth maps:0.00622762474635
office scene:0.00611895975146
camera views:0.00611895975146
d points:0.00611256830459
reconstruction method:0.0053424599352
optical center:0.00524482264411
b view:0.00524482264411
wide field:0.00495038896422
focal length:0.00491762432588
hartley 1995:0.00478997797716
cylindrical image:0.00478997797716
point distribution:0.00474140841912
image point:0.00471180240052
d mesh:0.00457925137303
feature tracking:0.00444671115603
d image:0.00444671115603
camera distance:0.00437068553676
depth map:0.00433460920635
radial distortion:0.00412532413685
camera locations:0.00412532413685
al 1995b:0.00412532413685
aperture problem:0.0039511736826
relative poses:0.00383198238173
kang 1994:0.00383198238173
omnidirectional multibaseline:0.00383198238173
camera optical:0.00383198238173
map merging:0.00383198238173
synthetic scene:0.00383198238173
rotated camera:0.00383198238173
extracting 3:0.00383198238173
d feature:0.00383198238173
shi tomasi:0.00383198238173
d median:0.00383198238173
tomasi tracker:0.00383198238173
spline based:0.00381604281085
et al:0.00371734126857
recovery using:0.00370559263002
real scenes:0.00370559263002
camera positions:0.00361217433863
filtered version:0.0034965484294
camera location:0.0034965484294
iterative least:0.0034965484294
feature tracks:0.0034965484294
recover 3:0.0034965484294
camera intrinsic:0.0034965484294
three views:0.00339587128033
levenberg marquardt:0.00333802733698
intrinsic camera:0.00330025930948
using epipolar:0.00330025930948
feature location:0.00330025930948
extract 3:0.00330025930948
camera motion:0.00319156182389
press et:0.00316093894608
szeliski et:0.00316093894608
d reconstruction:0.00316093894608
least squares:0.00315391189938
camera parameters:0.00314962887113
image registration:0.00314962887113
epipolar constraint:0.00305283424868
motion parallax:0.00305283424868
d scene:0.00305283424868
motion parameters:0.00303873706301
depth recovery:0.00296447410402
intrinsic parameters:0.00296447410402
aspect ratio:0.00294487650033
iterative structure:0.00287398678629
unconstrained 8:0.00287398678629
d positions:0.00287398678629
reference panoramic:0.00287398678629
y position:0.00287398678629
vertical height:0.00287398678629
merged depth:0.00287398678629
data merging:0.00287398678629
numerous depth:0.00287398678629
f median:0.00287398678629
frame j:0.00287398678629
multiple panoramic:0.00287398678629
constrained depth:0.00287398678629
data covering:0.00287398678629
length aspect:0.00287398678629
median depth:0.00287398678629
unconstrained tracking:0.00287398678629
resulting merged:0.00287398678629
cylindrical panoramic:0.00287398678629
distortion coefficient:0.00287398678629
