fsm:0.0306069515839
ecp:0.0274110084768
centiseconds:0.0189508402948
bs:0.0171025687965
jqj:0.0170856193751
parsing:0.0162920910374
fsms:0.0129157297438
viterbi:0.0116881479318
endfor:0.011401712531
score:0.0102638599465
distortion:0.010004199425
beam:0.00987056430167
trellis:0.00922552124557
deletion:0.0075123659416
sentences:0.00725348622316
wer:0.00714514009116
parsed:0.0067132200419
psi:0.00636468509937
pi:0.00614020225913
sect:0.00589934666924
ocr:0.00588965861342
ts:0.00573385392483
correcting:0.00522703994438
jxj:0.00519342706791
transitions:0.00497322610508
recognition:0.00493059955767
bucketsort:0.0045685014128
distorted:0.00453653029935
stage:0.00441978727577
visited:0.00429257495449
string:0.00418885732121
va:0.00410441394145
decoding:0.00401369774738
parse:0.00392237824747
perplexity:0.0034263760596
symbol:0.00320650432903
grammatical:0.00320208648061
speech:0.00315330794273
deletions:0.00313853834663
fig:0.0029304522321
backtracking:0.00273196260911
insertions:0.0025928889304
centisecond:0.00252677870597
bouloutas:0.00252677870597
lp:0.00250844041999
topological:0.00250448764446
stochastic:0.00238458376647
ret:0.00236500847947
acyclic:0.00235564029326
undistorted:0.0022842507064
spr:0.0022842507064
learned:0.00223722164607
insertion:0.00219987754964
strings:0.00219854205461
substitutions:0.00219825648115
miniature:0.00214227550159
subs:0.00204146859747
width:0.00202727210639
negligible:0.00192382158051
dp:0.00188312300798
substitution:0.00186509051272
likelihood:0.00186509051272
pp:0.00184519033576
inference:0.00183211837885
scores:0.0018277383497
delta:0.00181705832024
endif:0.0018147124899
recognise:0.0017981766049
dist:0.00178953812662
vidal:0.00175675326887
ranging:0.00172081704704
enrique:0.00171967176715
bucket:0.00170937946137
differences:0.00169734109443
acceleration:0.00167822690887
init:0.00164869236086
digits:0.00161154593947
recog:0.00155385813218
heap:0.00155180020849
training:0.00154163031505
parses:0.00153241177478
recomputation:0.00153241177478
errors:0.00151048479716
generalisation:0.00147483666731
labelled:0.00146177538034
transition:0.00144890406823
symbols:0.00142008551031
testable:0.00141008061452
multistage:0.00138158752725
ins:0.00136813798048
imperfect:0.0013551680344
depth:0.00133870643185
straightforwardly:0.00131881567694
language:0.00131290715954
diagram:0.00130412138363
correction:0.00128257173034
buckets:0.00127535869645
mceliece:0.00126338935299
initialcost:0.00126338935299
heapify:0.00126338935299
bcjr:0.00126338935299
ringlstetter:0.00126338935299
binsort:0.00126338935299
undis:0.00126338935299
ecgi:0.00126338935299
harpy:0.00126338935299
wers:0.00126338935299
bened:0.00126338935299
amengual:0.00126338935299
mihov:0.00126338935299
changed:0.0012511754221
preprocessing:0.00124732848002
tended:0.00124583367976
rate:0.00119927860277
learning:0.00116600157419
syntactic:0.00116477596843
codes:0.00115093600541
sigma:0.00114359886543
stochas:0.0011421253532
mla:0.0011421253532
torted:0.0011421253532
trellises:0.0011421253532
stoyan:0.0011421253532
sanchis:0.0011421253532
wiberg:0.0011421253532
prohibitive:0.00113958630758
suboptimal:0.00109912824057
coding:0.00109538356581
block:0.00108676195378
predecessors:0.00107436395964
pps:0.0010711377508
tsi:0.0010711377508
acquisition:0.00106841535478
ffi:0.00105727770401
effectiveness:0.00105453477375
ff:0.00105409074926
edge:0.00104429590341
argmin:0.00102073429874
casacuberta:0.00102073429874
properness:0.00102073429874
warps:0.00102073429874
underflows:0.00102073429874
edges:0.0010155058412
clean:0.00100337616799
priority:0.000998002804739
search:0.000992919729977
sects:0.000981609768904
touchstone:0.000981609768904
yielded:0.00097918232298
ordering:0.000976817410701
cycles:0.000972268099465
exhibited:0.000969905928696
consecutive:0.000969097770793
regard:0.000955538864677
widest:0.00094961936448
tanner:0.00094961936448
probabilities:0.000927534249814
recurrence:0.000926516077044
degrade:0.000926516077044
unsorted:0.000922552124557
strict:0.00092145305569
algorithmic:0.00091843103877
sort:0.000903501806169
copes:0.000899088302448
belonged:0.000899088302448
coming:0.000898709947155
produced:0.000896151184183
tuned:0.000891102821016
traversed:0.00088735172483
linked:0.000880213631062
schulz:0.000878376634433
ltr:0.000878376634433
branching:0.000876300092542
images:0.000866011329742
cicyt:0.000859835883577
pi q:0.0207724792192
stage k:0.0167090686414
centiseconds number:0.0124634875315
state q:0.011916956716
deletion transitions:0.0110786555836
q j:0.0105988820104
q l:0.0103198341391
without bs:0.00969382363564
parsing stage:0.00884527130651
k ts:0.00884527130651
visited states:0.00882605811453
average computing:0.0083089916877
delta b:0.00809320912418
computing times:0.00799627493394
jqj delta:0.00758166111987
c q:0.00745075791567
beam width:0.00715604207903
delta jqj:0.00692415973975
using bs:0.00692415973975
lp experiments:0.00692415973975
minimum cost:0.00667833208073
beam search:0.0066195435859
o jxj:0.00631805093322
cost path:0.00626590074052
error correcting:0.00601990324782
jxj delta:0.00596336839919
viterbi algorithm:0.00571162495282
error model:0.00569871211699
trellis diagram:0.0055393277918
ocr experiments:0.0055393277918
ts models:0.0055393277918
symbol parsed:0.0055393277918
viterbi parsing:0.0055393277918
back edge:0.00551628632158
input string:0.00539547274946
back edges:0.00535662489955
computation time:0.00527966968699
test sentences:0.00505444074658
computing time:0.00488245881412
grammatical inference:0.00477069471935
o jqj:0.00456929996225
per symbol:0.00428529991964
different algorithms:0.00425344804504
recognition rate:0.00417726716035
algorithmic scheme:0.00415449584385
whose score:0.00415449584385
distorted sentences:0.00415449584385
correcting parsing:0.00415449584385
score state:0.00415449584385
ts model:0.00415449584385
fsm figure:0.00415449584385
bucket psi:0.00415449584385
without ecp:0.00415449584385
init block:0.00415449584385
ordering key:0.00415449584385
list pi:0.00415449584385
stochastic fsms:0.00415449584385
q endif:0.00415449584385
correcting viterbi:0.00415449584385
wer pp:0.00415449584385
time complexity:0.0040961890217
string x:0.00400330773511
ffi q:0.00392712539603
finite state:0.00389317284956
ret block:0.00379083055993
lowest score:0.00379083055993
full search:0.00379083055993
errors produced:0.00357802103952
parsing process:0.00357802103952
jqj 2:0.00357802103952
linear block:0.00342697497169
depth first:0.0033419331497
block codes:0.00330977179295
distortion rate:0.00330977179295
speech recognition:0.00328265050864
higher computational:0.00306273815279
sect 2:0.00294534404702
best results:0.00286655112225
preprocessing stage:0.00280719209682
stochastic k:0.0027696638959
likelihood classification:0.0027696638959
given parsing:0.0027696638959
acyclic multistage:0.0027696638959
experiments distortion:0.0027696638959
k testable:0.0027696638959
distortion wer:0.0027696638959
insertions substitutions:0.0027696638959
using ev1:0.0027696638959
log jqj:0.0027696638959
jqj value:0.0027696638959
key psi:0.0027696638959
negligible ranging:0.0027696638959
va 3:0.0027696638959
parsing ecp:0.0027696638959
fsm computation:0.0027696638959
parse errors:0.0027696638959
miniature language:0.0027696638959
pp wer:0.0027696638959
observed computing:0.0027696638959
deletion transition:0.0027696638959
perplexity pp:0.0027696638959
case ev3:0.0027696638959
fsm 5:0.0027696638959
score order:0.0027696638959
case ecp:0.0027696638959
ins subs:0.0027696638959
automatically learned:0.0027696638959
backtracking recomputation:0.0027696638959
using bucketsort:0.0027696638959
parsing deletion:0.0027696638959
viterbi like:0.0027696638959
undistorted test:0.0027696638959
time in centiseconds:0.0131038261234
states in fsm:0.011647845443
jqj delta b:0.00873588408225
state q j:0.00800855315847
minimum cost path:0.0075829865851
number of states:0.00674918258688
c q j:0.00667379429873
input string x:0.00631915548758
computing time per:0.0058239227215
