quasi:0.0350061488656
invariants:0.0286584566065
affine:0.0271698047291
invariant:0.0236966239289
parameterisation:0.0214684927835
xx:0.0162127156384
signatures:0.0136113417046
yxx:0.0134208732033
parameterisations:0.0126314100737
prolonged:0.0120479309579
yx:0.011526427121
invariance:0.0114853075113
derivatives:0.0114484889852
prolongation:0.0106811178403
cipolla:0.0104275536377
symmetry:0.0101078128585
bilateral:0.0100877224048
curve:0.010045624458
slant:0.00999163238989
arc:0.00978646508195
curves:0.00959145544573
integral:0.00956078543151
sato:0.00842729594836
semi:0.00769069688545
olver:0.00736262447425
dy:0.00713144979434
infinitesimal:0.0070869352334
dx:0.00661631928819
fig:0.00529005423264
fields:0.00510476559369
group:0.00504413705028
differential:0.00501521083298
transformations:0.00497962869184
contour:0.00472584845987
projective:0.00470688210184
kth:0.00463166975459
minimises:0.00449455783912
planar:0.00448720423145
ffiq:0.00428212816709
noise:0.00423565180525
motion:0.00407218159105
extracted:0.0037927355789
curvature:0.00345425471853
image:0.00343050827701
signature:0.0033409787104
distortion:0.00330956235338
transformation:0.00328805319027
gool:0.00318916766265
tilt:0.0030669275405
binford:0.0030669275405
axis:0.00298456101636
minimising:0.00296697717787
normalised:0.00288240868009
levitt:0.0028547521114
std:0.00279886601954
tangent:0.00274728045978
systematic:0.00271890446415
caused:0.00266356143086
field:0.00265375611218
butterfly:0.00261614998915
skewed:0.0026092301017
lie:0.00257365994748
curl:0.00255133413012
distorted:0.00236231174447
dw:0.00233238834962
dots:0.00225203677716
deformation:0.00220637490225
kanade:0.0022028178651
occluded:0.00218012499096
kender:0.00214106408355
prolongations:0.00214106408355
euclidean:0.0020754310781
intrinsic:0.00207251537093
killing:0.00206888651235
surface:0.00205788150224
occlusion:0.00202529628423
white:0.00202285096116
transformed:0.00202010160816
axes:0.00201740759062
manifolds:0.00200859014174
images:0.00198421918083
horizontally:0.00190351986403
3d:0.00190281551847
smooth:0.00187174738435
nevatia:0.0018401565243
cham:0.0018401565243
extracting:0.00183305306428
spline:0.00181458765982
wings:0.00178018630672
gd:0.00178018630672
zisserman:0.00178018630672
mundy:0.00172944520805
derivative:0.00170293930473
rotation:0.0016992818343
curvatures:0.00168545918967
vanishes:0.00167836370457
divergence:0.00167836370457
determinant:0.00165991972008
variational:0.0016077530737
planes:0.00159947972816
psaltis:0.00157892625921
cyganski:0.00157892625921
friedberg:0.00157892625921
zerroug:0.00157892625921
observer:0.00152281589123
radical:0.00150068298914
qa:0.00145645564579
viewpoint:0.00144100542187
fitting:0.00142841384871
rothwell:0.0014273760557
boult:0.0014273760557
ffid:0.0014273760557
matching:0.001419296651
scene:0.00140395826079
gl:0.00139943300977
canny:0.00139943300977
nth:0.00138990261142
metric:0.00135248652487
mostafa:0.00133865899532
symme:0.00133865899532
weaver:0.00133865899532
distortions:0.00132169071906
weiss:0.00128237722906
degrees:0.00127922028201
bruckstein:0.00127566706506
reiss:0.00127566706506
moment:0.00125996765152
camera:0.00125397366676
suffer:0.00124520437247
investigate:0.00122095705419
groups:0.00120131927153
objects:0.00119745227861
correspondences:0.00119541374813
fronto:0.00118679087115
gelfand:0.00118679087115
angle:0.00116545243134
recognition:0.00115538211214
substituting:0.00115538211214
flower:0.00112363945978
abu:0.00112363945978
shifted:0.0011089716216
sensitive:0.0011042726127
pixels:0.00109972255883
taubin:0.0010977549639
ja:0.00109589594358
sensitivity:0.00109394760003
formalise:0.00107458358105
generator:0.00106433706546
variation:0.00106424151082
cross:0.00105974233131
blake:0.00103444325617
mdl:0.00103444325617
revolution:0.00100045532609
transforms:0.000984995604204
vision:0.000949350220051
dv:0.000932955339846
transforma:0.000932955339846
euler:0.000926707160185
object:0.000925481177845
orbit:0.00092159172331
degenerate:0.000917802978938
wing:0.000900453391888
squared:0.00089643586701
viewer:0.000890583694202
pr:0.000872312272696
viewpoints:0.000854918152706
cooper:0.000854918152706
ith:0.000851469652367
integration:0.000847717445581
az:0.000846813529852
lines:0.00081327829359
gross:0.000810118513693
van:0.000806790820048
rotational:0.000796942498754
exact:0.000791093205528
jects:0.000790627188517
enables:0.000789695187775
ffidw:0.000789463129605
diagonalised:0.000789463129605
betaalpha:0.000789463129605
rett:0.000789463129605
respondences:0.000789463129605
quasi invariant:0.0640316890009
general affine:0.029213326068
integral invariants:0.0284237767148
semi local:0.0268240859328
y xx:0.0268240859328
affine quasi:0.024228206649
local integral:0.0233629135544
invariant parameterisation:0.0224976204598
arc length:0.0216535792626
quasi invariance:0.0199017411759
invariant signatures:0.0189491844765
invariant arc:0.0173058618921
g yx:0.0173058618921
vector fields:0.0166565994328
bilateral symmetry:0.0147099826083
g yxx:0.0138446895137
vector field:0.0127700595651
exact invariant:0.0121141033245
invariant parameterisations:0.0121141033245
affine transformations:0.0118749900053
invariant parameter:0.0110536909446
order derivatives:0.0107683736009
y x:0.0107238367641
kth order:0.0104331592085
group transformation:0.0103835171353
contour curves:0.0103835171353
invariant signature:0.00951822404067
group transformations:0.00951822404067
field v:0.00937163640682
differential invariants:0.008942707893
dy x:0.00868504288507
systematic error:0.00868504288507
quasi invariants:0.00868504288507
symmetry axis:0.00868504288507
length invariants:0.00865293094607
curve c:0.00830844343051
3d bilateral:0.00778763785146
special affine:0.00778763785146
group arc:0.00778763785146
independent vector:0.0074522565775
two signatures:0.00713765975427
dx dy:0.00701693514975
g y:0.00631199710683
x g:0.00610217269569
prolonged space:0.00605705166225
fields v:0.00605705166225
g dx:0.00605705166225
yx 1:0.00605705166225
order prolongation:0.00605705166225
slant motion:0.00605705166225
x y:0.00576805025997
affine transformation:0.00548937429251
tangent lines:0.0053552208039
corresponding points:0.00521966305495
semi simple:0.00521657960425
symmetry axes:0.00519175856764
std 0:0.00519175856764
affine arc:0.00519175856764
olver 1986:0.00519175856764
invariance q:0.00519175856764
prolonged vector:0.00519175856764
dy xx:0.00519175856764
xx v:0.00519175856764
extracting symmetry:0.00519175856764
cross points:0.0048254853281
curve matching:0.00473729611913
lie derivative:0.00432646547303
infinitesimal group:0.00432646547303
infinitesimal quasi:0.00432646547303
smooth manifolds:0.00432646547303
yxx 1:0.00432646547303
horizontally minimising:0.00432646547303
gool et:0.00432646547303
invariants c:0.00432646547303
intrinsic vector:0.00432646547303
quasi semi:0.00432646547303
v 2:0.00405728357709
relative motion:0.00401641560292
second order:0.00399675884109
xx y:0.00394774676594
transformation h:0.00394774676594
planar object:0.00372612828875
corresponding curves:0.00372612828875
total difference:0.00372612828875
metric g:0.00372612828875
noise sensitivity:0.00356882987714
transformation groups:0.00356882987714
infinitesimal generator:0.00356882987714
less sensitive:0.00353005987762
invariants std:0.00346117237843
integral curve:0.00346117237843
derivatives required:0.00346117237843
levitt 1993:0.00346117237843
invariants based:0.00346117237843
approximately invariant:0.00346117237843
prolonged curve:0.00346117237843
proposed invariants:0.00346117237843
exactly invariant:0.00346117237843
affine curvature:0.00346117237843
xx g:0.00346117237843
curves extracted:0.00346117237843
fig 14:0.0032863697095
z g:0.00322410283475
invariant parameters:0.00315819741275
skewed symmetry:0.00315819741275
killing form:0.00315819741275
local invariants:0.00315819741275
proposed quasi:0.00315819741275
white lines:0.00315819741275
axis l:0.00315819741275
quasi affine:0.00315819741275
follows z:0.00301501595422
