stationary:0.022360262086
rz:0.0134301609345
soc:0.0126401514677
penalty:0.0120051271658
unconstrained:0.0110063002151
differentiable:0.00917959353383
fx:0.00841286736348
hessian:0.00688250824349
semidefinite:0.00655115920231
lc:0.0061698980167
curvature:0.00615381526413
converging:0.00608260313203
kkt:0.00505351449677
rg:0.00450544110539
recalling:0.00447646880727
proposition:0.00445930090008
trust:0.00436421288583
minimization:0.00436371832108
continuously:0.00399380609015
constrained:0.00394335082443
multiplier:0.00392532924271
fq:0.00374437172382
linesearch:0.00349634340459
ir:0.00344844179375
krg:0.00324563628156
convergence:0.00296639719839
rh:0.00266123203602
neighborhood:0.00265245843425
matrices:0.00240587983482
nonlinear:0.00235170922283
complementarity:0.00234315639759
hessians:0.00230975004487
gradient:0.00227131994599
intd:0.00216375752104
krz:0.00216375752104
ffl:0.00215245505122
differentiability:0.00194238449363
directions:0.00193220325501
armijo:0.00183449572286
therein:0.00181980064373
phi:0.00181776273376
sapienza:0.0017481717023
eigenvalue:0.00173922392489
subsequence:0.00170156144999
fffl:0.0016811646506
identification:0.00165291968359
lagrangian:0.00160026795472
inequality:0.00159136479142
renumbering:0.00158001893347
mild:0.001576569338
contradiction:0.00155755856515
optimality:0.00152007806233
nonlinearly:0.00150436129968
gk:0.001472607281
matrix:0.00141468812587
limit:0.00141112389873
active:0.00140780288343
relaxed:0.00139674192908
generalized:0.00137396743605
negative:0.00132374517252
thesis:0.0013084430809
equality:0.00129863612711
region:0.00129835358152
compact:0.00127274728119
dividing:0.00125068038782
overestimate:0.00124812390794
employed:0.00124074065825
assumptions:0.00123718981907
supposing:0.00123397960334
nonsmooth:0.00119505564455
ae:0.00119274929824
everywhere:0.00119010587987
sufficiently:0.00116307726529
facts:0.00114334544436
xx:0.00113937817712
sequences:0.00113604481944
fz:0.00111018485931
go:0.00109824058103
contradicts:0.0010851628382
greator:0.00108187876052
fasano:0.00108187876052
kkrz:0.00108187876052
palagi:0.00108187876052
kka:0.00108187876052
overstimate:0.00108187876052
immanuel:0.00108187876052
inequalty:0.00108187876052
nonegative:0.00108187876052
remining:0.00108187876052
intereset:0.00108187876052
gammarz:0.00108187876052
fflb:0.00108187876052
mantain:0.00108187876052
rapresents:0.00108187876052
semplicity:0.00108187876052
assertion:0.00107657674624
diag:0.00107505036931
lim:0.00102000274144
sides:0.00100828447806
omega:0.00100500496796
lipschitz:0.000988286596912
develope:0.000978036706228
curva:0.000978036706228
appealingly:0.000978036706228
nonmonotone:0.000978036706228
assumtions:0.000978036706228
analisys:0.000978036706228
bomze:0.000978036706228
prefere:0.000978036706228
boundness:0.000978036706228
establish:0.000931786059464
eigenvector:0.00093044204149
references:0.000926999124496
tackle:0.000925184810942
roma:0.000917247861428
caratheodory:0.000917247861428
imization:0.000917247861428
gradients:0.000909900321865
optimization:0.000884430059182
realization:0.000881304692956
boil:0.000874085851148
fae:0.000874085851148
nondifferentiability:0.000874085851148
shall:0.000860149577944
suitably:0.000859221555412
fij:0.000840582325302
sake:0.000831989436655
imposes:0.00082279813724
ff:0.000812384995591
converge:0.000804821222047
converges:0.000804821222047
terminates:0.000799526485247
fruitfully:0.000790009466733
quartic:0.000790009466733
fulfil:0.000790009466733
strict:0.000789068300607
convex:0.000778779282575
generates:0.000770132951866
landmark:0.000769916681623
guarantee:0.000767023709602
taylor:0.000766320398612
la:0.000759866292947
mccormick:0.000752180649839
newton:0.000750402443808
sequel:0.000747303534102
infinite:0.00074315509808
acceptability:0.000736303640501
fu:0.00072633860033
slackness:0.000721930642396
feasible:0.000712112581188
minimizers:0.000708799528344
curvilinear:0.000696711236046
massimo:0.000696711236046
choices:0.000688119662355
nonmonotonic:0.000665308009004
mimics:0.000665308009004
options:0.000652865679734
met:0.000650493861494
concreteness:0.000647461497877
linearly:0.000645112178049
satisfying:0.000644372127955
imply:0.000643853045416
satisfied:0.000636598999171
laura:0.000631473766114
fff:0.000631473766114
derivatives:0.000627559494987
definite:0.000625340193912
inclusions:0.00061698980167
rename:0.00061698980167
deserves:0.000610227094269
saddle:0.000610227094269
difficulties:0.000603821943441
smallest:0.000600741462456
eventually:0.000598386265865
continuous:0.000583573233179
giovanni:0.000580235819579
quadratically:0.000580235819579
twice:0.000573187533901
min:0.000570550556718
enjoys:0.000569689088562
search:0.000566844926163
algorithmically:0.000564671004448
convey:0.000564671004448
instructions:0.000562133359089
index:0.000560545878624
optimiza:0.00055980864841
differentiating:0.00055051361652
clarke:0.00055051361652
hints:0.00055051361652
oe:0.000548143955605
concentrate:0.00054731950573
popularity:0.000546064236837
shelf:0.000546064236837
contradict:0.000546064236837
exact:0.000542056306721
fh:0.000541736992312
review:0.00054064010959
order stationary:0.0474337588637
stationary point:0.0377315641466
problem p:0.0274068888953
penalty function:0.0227726711719
fx k:0.0189630651341
algorithm soc:0.0177876595739
k g:0.0174302727607
rz x:0.0173126511068
stationary points:0.0146395743248
x k:0.0136880319878
second order:0.0134827624419
h k:0.0126637083773
negative curvature:0.0122814777008
unconstrained stationary:0.0118584397159
algorithm m:0.0110086218412
exact penalty:0.0106725957443
point x:0.0105723073541
lc 1:0.0102129712952
every limit:0.00978183096994
generalized hessian:0.00973836624759
d k:0.00970688050941
line search:0.00935695761624
positive semidefinite:0.00877730483232
limit point:0.00857721114822
continuously differentiable:0.00853090722037
k ffl:0.00836178622229
differentiable exact:0.00830090780116
first order:0.00803921319624
penalty parameter:0.00782546477595
inequality constrained:0.00782546477595
matrices h:0.0075663732793
function z:0.00729056388496
trust region:0.00684812862175
active constraints:0.00625980459401
x ffl:0.00622000671745
sequences converging:0.00592921985797
let fx:0.00578471493902
unconstrained case:0.00541020347088
condition 3:0.00537855533244
ir n:0.00532326072883
unconstrained minimization:0.00504424885287
matrix h:0.00496233934123
condition 1:0.00490930668175
condition 5:0.00480764735396
constrained minimization:0.00480764735396
curvature line:0.00474337588637
fq u:0.00474337588637
kkt second:0.00474337588637
linesearch procedure:0.00474337588637
condition 2:0.004687014234
order necessary:0.00462019152816
proposition 2:0.00447674338598
penalty functions:0.00447128899572
assumption c:0.00437108341369
differentiable penalty:0.00432816277671
sequence fx:0.00420354071072
constrained optimization:0.00408183860933
search algorithm:0.00408152492776
constrained problems:0.00380451590097
u k:0.00372043077384
generalized hessians:0.00355753191478
krg x:0.00355753191478
multiplier function:0.00355753191478
sequence fq:0.00355753191478
conditions 1:0.00353237932291
sequence converging:0.00349686673095
smallest eigenvalue:0.00348407759262
curvature directions:0.00324612208253
ffl k:0.00320509823597
h x:0.00318894066329
theorem 2:0.00311827905247
infinite sequence:0.0030352213074
let ffl:0.00294565539639
subsequence fx:0.00293454929098
minimization problem:0.00288809031465
optimality conditions:0.00281096296362
points generated:0.00275215546029
region algorithms:0.00275215546029
mild assumptions:0.00268277339743
strict complementarity:0.00268277339743
equality constrained:0.00262265004821
l x:0.00261843265594
every ffl:0.00256959819649
necessary optimality:0.00256959819649
region algorithm:0.00256959819649
step 2:0.00248618052165
references therein:0.00245465334088
set o:0.00243992905413
intd 1:0.00237168794319
considerably relaxed:0.00237168794319
x diag:0.00237168794319
recalling condition:0.00237168794319
