horn:0.0168808904553
clauses:0.0154192110577
clause:0.0139925938684
schaefer:0.0113094772569
conp:0.0101594111961
satisfiability:0.0093888600709
compatible:0.00843939303377
kcnf:0.00831769179093
positions:0.00682023079133
faithfully:0.00625340731626
truth:0.00618494509089
sat:0.0059596150871
formula:0.00574848590925
boolean:0.0057300655216
inverse:0.0052543018488
dichotomy:0.00504441833757
anti:0.00494621574982
arity:0.00490902591713
satisfiable:0.00416497809018
conjuction:0.00403909902033
relations:0.00399523470856
unsatisfiable:0.00389258694651
oe:0.00347674474542
string:0.00344723739277
affine:0.00328612391236
tuple:0.00323257235376
assignment:0.00317739929417
padding:0.00317434084762
auxiliary:0.0031370979951
mw:0.00307172157593
faithful:0.00303430728116
conjunction:0.00290384257003
literals:0.00277898816693
literal:0.00268253144883
telling:0.00248890420182
iff:0.00239538561578
expressibility:0.00234447950678
hereditary:0.00234447950678
assignments:0.00231312399503
ptime:0.0022776542169
cnf:0.00227396629682
formulae:0.00226734046982
syntactic:0.00223663342632
concatenation:0.00220001021509
contradict:0.00209912338878
patras:0.00207942294773
rcnf:0.00207942294773
compatibility:0.00202426865819
satisfying:0.00185777127527
sigact:0.00184147166644
polynomial:0.00176854564699
substring:0.00172271576662
ai:0.00171170847399
tractable:0.00154558312663
logically:0.0015386371472
encoding:0.00153167181152
agree:0.00150241736507
conjunctions:0.0014829498611
satisfied:0.00146828862792
hemaspaandra:0.00141521096673
negate:0.00133911246347
athens:0.00133911246347
oracle:0.00133368723717
news:0.00133203266586
expressing:0.00131690428214
lane:0.00129752898217
majority:0.00129335477939
formulas:0.00128908754152
existentially:0.00127875395259
occuring:0.00126110458439
substitution:0.00122790713807
notice:0.00120170070512
bitwise:0.00119947705348
agrees:0.00119728212081
fi:0.00114270383785
np:0.00114246496614
patterns:0.00111746707808
encoded:0.00109508069394
jm:0.00107597911367
upatras:0.00103971147387
aueb:0.00103971147387
xorsat:0.00103971147387
concequently:0.00103971147387
piene:0.00103971147387
believers:0.00103971147387
hbrard:0.00103971147387
zanuttini:0.00103971147387
djk:0.00103971147387
appendix:0.00103328049612
tuples:0.00101454419265
fx:0.00101062095
lexicographic:0.00100276320408
shall:0.000991949284595
logical:0.000990407648513
encodings:0.000988633240733
gr:0.000981805183425
conjunctive:0.000968587898745
exclusive:0.00095855718271
uniquely:0.000941035651231
sideri:0.000939916765571
sicomp:0.000939916765571
hornsat:0.000939916765571
lefteris:0.000939916765571
kavvadias:0.000939916765571
completeness:0.000931919581361
reply:0.000926329388977
greece:0.000909840657489
xn:0.000889124824783
phokion:0.000881497225667
kolaitis:0.000881497225667
kirousis:0.000881497225667
dias:0.000881497225667
decisively:0.000881497225667
creignou:0.000881497225667
conjuctive:0.000881497225667
conflicted:0.000881497225667
position:0.000876595931645
pattern:0.000862910884504
quantified:0.000851373583871
expression:0.000849263665324
encodes:0.000846954977468
claim:0.000846735843219
unsatisfiability:0.000840017497105
discovering:0.000838296818314
schrijver:0.000807819804065
hermann:0.000807819804065
disagrees:0.000781493168928
interestingly:0.000765881727895
occurences:0.000759218072302
couldn:0.000759218072302
martha:0.000759218072302
mss:0.000759218072302
relation:0.000753711466576
ary:0.000742771576618
express:0.000741822507062
alcom:0.000739908423214
heretofore:0.000739908423214
recompilation:0.000722863670678
xc:0.000722863670678
tell:0.00071229764536
substitute:0.00071229764536
diophantine:0.000693792686968
reasoning:0.000685478979685
jacques:0.000681173370976
knowl:0.000669556231736
modulo:0.000663476805484
lemma:0.000661762578234
greek:0.000658792565873
polytope:0.000648764491085
dimitris:0.000639376976293
papadimitriou:0.000639376976293
logic:0.000638711535546
nonstandard:0.000630552292196
journals:0.000630552292196
strengthens:0.000630552292196
approximations:0.000626040047442
semantical:0.000622226050455
surprisingly:0.000618386980711
anti horn:0.0125357967946
inverse satisfiability:0.0125357967946
truth assignment:0.0100119314787
inverse sat:0.00911694312338
conp complete:0.00911694312338
value patterns:0.00911694312338
satisfiability problem:0.00885652759337
dichotomy theorem:0.00831888823682
inverse 3sat:0.00797732523296
model set:0.00797732523296
satisfying truth:0.00752041573189
clause r:0.00727902720721
boolean vector:0.00687518568019
padding pattern:0.00683770734254
m f0:0.00623916617761
set m:0.00614432684621
auxiliary variables:0.00584993572714
compatible model:0.00569808945211
k compatible:0.00569808945211
string fi:0.00564031179892
models m:0.00544741209075
k positions:0.00544741209075
formula oe:0.00539027722964
three models:0.00524545498704
three variables:0.00511869376124
sat problem:0.00493886235638
vector mw:0.00455847156169
majority model:0.00455847156169
expressing x:0.00455847156169
faithful representation:0.00453951007563
boolean relations:0.00453951007563
n positions:0.00415944411841
faithfully represents:0.00392594138225
boolean formula:0.00379663640443
oe m:0.00357568981382
syntactic form:0.00352649609325
truth assignments:0.00352649609325
model m:0.00350318306354
produced formula:0.00341885367127
zero assignment:0.00341885367127
r compatible:0.00341885367127
conp completeness:0.00341885367127
logically equivalent:0.00323174401477
value pattern:0.00311958308881
telling whether:0.00311958308881
tractable cases:0.00311958308881
polynomial time:0.00307771694029
value 1:0.00301963439143
j y:0.00301671992083
n variables:0.00296513654686
y z:0.00296476882252
string ffl:0.00294445603669
faithfully represent:0.00294445603669
syntactic classes:0.00294445603669
generalized satisfiability:0.00294445603669
three literals:0.00282015589946
horn formula:0.00272370604538
sigact news:0.0027013871634
theorem 1:0.00268098258914
lemma 1:0.00263405924305
pair w:0.00257819463007
m 0:0.0025412304193
inverse problem:0.00252041498448
variables fx:0.00252041498448
x x:0.00248324246511
first n:0.00247328629461
sets m:0.00246943117819
horn clauses:0.00234481674492
expressibility result:0.00227923578085
kcnf set:0.00227923578085
three 3sat:0.00227923578085
set of models:0.0238787321373
compatible with m:0.0186724142601
inverse satisfiability problem:0.0107831801792
models in m:0.00838691791717
fi t w:0.00838691791717
inverse sat problem:0.00718878678614
m f0 1g:0.00659026385649
satisfying truth assignment:0.00624006377021
x j y:0.00499294350098
set of boolean:0.00490807627451
model of m:0.0047925245241
m is 3:0.0047925245241
models of oe:0.00439350923766
formula is satisfiable:0.0038658061833
given a set:0.00363587299183
problem is conp:0.00359439339307
let m f0:0.00359439339307
boolean vector mw:0.00359439339307
model in m:0.00359439339307
schaefer s main:0.00359439339307
exists a model:0.00359439339307
model with m:0.00359439339307
first n positions:0.00359439339307
also in m:0.00329513192825
set of three:0.00327205084967
notice that since:0.00259967526671
see the appendix:0.00252077758195
proof of theorem:0.00248202770538
anti horn c:0.00239626226205
variables are present:0.00239626226205
m of models:0.00239626226205
dichotomy theorem sc78:0.00239626226205
consider some total:0.00239626226205
unique padding pattern:0.00239626226205
follows positions z:0.00239626226205
b all relations:0.00239626226205
c all relations:0.00239626226205
going from oe:0.00239626226205
present then r:0.00239626226205
completeness we shall:0.00239626226205
