flow:0.0244567760935
occluding:0.0243031148704
boundary:0.0218619146155
occluded:0.020791345627
optical:0.0169502327413
schunck:0.016293402429
surface:0.0157705215031
discontinuities:0.0146206337004
boundaries:0.0141075701205
thompson:0.0139593966107
occlusion:0.0124166444242
motion:0.0109498449035
estimation:0.0107288412503
disocclusion:0.0094111581076
horn:0.00788258016326
image:0.00705085357328
ambiguity:0.00622226425615
disoccluded:0.00607703298402
sheer:0.00606062327596
motions:0.0057934451556
mrf:0.00560841112393
bar:0.00557204636214
frame:0.00537030541415
texture:0.00520317309755
localization:0.0051497290272
projection:0.00497433064631
estimates:0.00490002967835
moving:0.00475625604941
detection:0.00471583738242
surfaces:0.00445954114339
discontinuity:0.00441327293425
textured:0.00432635567762
pixel:0.00406179568036
barnard:0.00366001928646
pixels:0.00327743706056
classification:0.00321716281896
temporal:0.00315677097908
basing:0.0030333177935
anandan:0.00303164701705
intrinsic:0.0030252700526
projecting:0.00301300503204
edge:0.00296346719203
visual:0.0028804300957
corrupting:0.00287032728284
sides:0.00281923990803
bars:0.00279635919166
mutch:0.00268890231646
fennema:0.00268890231646
rectangle:0.00264316384806
neighborhoods:0.0026316602099
estimated:0.0025514221955
detector:0.00247218585843
spatial:0.00244162171825
heitz:0.00243081319361
continuity:0.00228399794398
buxton:0.00227972855126
near:0.00220919218738
regions:0.00219435345043
clusion:0.0021724536572
exploiting:0.00215175416313
region:0.00215128600377
errors:0.00214320104379
disparity:0.0021431864467
barron:0.00208918396789
oc:0.00208702327804
fig:0.00207898427526
bouthemy:0.00202109801136
backgrounds:0.00202109801136
interactions:0.00200030329393
gray:0.00199859391472
projected:0.00192095621061
geman:0.00191355152189
resistive:0.00191355152189
disparities:0.00191355152189
substantial:0.00189797225209
detected:0.00188278489274
stereo:0.00187872186906
edges:0.00185256497463
filtering:0.00180524252461
poggio:0.00176165090139
estimating:0.00174056367575
mixed:0.00173474580555
bergen:0.00173160665027
initialize:0.00169646069387
gradients:0.00169610022802
fl:0.00166701695218
disk:0.00163453567219
effected:0.00163073464298
processes:0.00162161884601
intensity:0.00161777296615
esti:0.00160920131256
itera:0.001533466935
darker:0.00150055444975
filters:0.00148554277126
across:0.00148508592844
measurement:0.00147001166987
affecting:0.00145321021335
murray:0.00144211855921
copying:0.00142241687052
gradient:0.00141128509197
synthetic:0.00139301159053
classifications:0.00137962715825
frames:0.00137039876639
classified:0.0013693892909
side:0.00136152279552
ambiguities:0.00134643354384
muddle:0.00134445115823
trations:0.00134445115823
disoccluding:0.00134445115823
reclassification:0.00134445115823
accretion:0.00134445115823
ophthalmology:0.00134445115823
nulled:0.00134445115823
tomi:0.00134445115823
hoods:0.00134445115823
investigative:0.00134445115823
thomp:0.00134445115823
extracton:0.00134445115823
anadan:0.00134445115823
sheering:0.00134445115823
tiotemporal:0.00134445115823
yonas:0.00134445115823
misregis:0.00134445115823
ranagrajan:0.00134445115823
initializing:0.00133596551381
iterations:0.001331453555
unaffected:0.00130613555471
location:0.00129859588388
away:0.00129600850301
background:0.00127234132008
accuracy:0.00127090755131
asymmetric:0.00125248124604
mation:0.00123609292921
images:0.00122876866376
mixing:0.00122814413996
prazdny:0.0012154065968
oku:0.0012154065968
revolute:0.0012154065968
moravec:0.0012154065968
kand:0.0012154065968
kearney:0.0012154065968
waxman:0.0012154065968
smitley:0.0012154065968
convected:0.0012154065968
timates:0.0012154065968
bajcsy:0.0012154065968
vision:0.0012125534636
seidel:0.00119060372854
scenes:0.00118349806702
perpendicular:0.00118349806702
initialized:0.00116980264427
colored:0.00116965069603
nearest:0.0011656657548
largely:0.00114133295892
gamble:0.00113986427563
distorts:0.00113986427563
explicit:0.00112967964574
sequences:0.00112941067265
difficulties:0.00112555464741
quantitative:0.00111011057277
hutchinson:0.0010862268286
featureless:0.0010862268286
primate:0.0010862268286
painter:0.0010862268286
borhood:0.0010862268286
distinguishing:0.00107310034312
camera:0.00106775496248
gauss:0.00106775496248
copied:0.00105726553922
utilizes:0.00104703291653
cept:0.00104459198394
hildreth:0.00104459198394
classifying:0.00104200878782
mixture:0.00103704404269
segmentation:0.00102728683281
velocity:0.00102728683281
interacting:0.00102249156649
undesirable:0.00101775007553
zisserman:0.00101054900568
tured:0.00101054900568
disappearance:0.00101054900568
fleet:0.00101054900568
spa:0.00101054900568
scott:0.000994806033519
hood:0.00098174507285
dubois:0.00098174507285
nagel:0.00098174507285
flow estimation:0.0388967210683
optical flow:0.0281916574309
flow estimates:0.0211330406556
image properties:0.017768974277
time step:0.0166715527301
surface boundaries:0.0147917136636
boundary projection:0.0132633207158
occluded surface:0.0132633207158
flow discontinuities:0.011789618414
boundary detection:0.0114926491954
exploiting discontinuities:0.0103159161123
line processes:0.0102606867356
next time:0.00959502584828
occlusion boundary:0.00888448713848
boundary classification:0.00884221381051
contrast edges:0.00884221381051
either side:0.00852043286926
estimated flow:0.00806820745289
surface boundary:0.00806820745289
frame pairs:0.00736851150876
sheer boundaries:0.00736851150876
occluding surface:0.00736851150876
flow 21:0.00589480920701
bar fl:0.00589480920701
schunck algorithm:0.00589480920701
boundary location:0.00589480920701
occluding side:0.00589480920701
occluded side:0.00589480920701
disocclusion regions:0.00589480920701
discontinuity detection:0.00589480920701
intrinsic ambiguity:0.00589480920701
four frame:0.00589480920701
occlusion boundaries:0.00587028907101
estimation using:0.00538386222376
bar c:0.0053788049686
near boundaries:0.0053788049686
flow values:0.00507684979342
flow errors:0.00507684979342
boundary point:0.00505368489914
mixed image:0.00442110690526
properties near:0.00442110690526
moving rectangle:0.00442110690526
temporal continuity:0.00442110690526
flow projection:0.00442110690526
explicit discontinuity:0.00442110690526
localization ambiguity:0.00442110690526
flow associated:0.00442110690526
basic horn:0.00442110690526
thompson 1980:0.00442110690526
pre filtering:0.00442110690526
boundary flow:0.00442110690526
image sequence:0.00429438087791
estimating optical:0.00403410372645
motion boundary:0.00403410372645
across boundaries:0.00403410372645
standard horn:0.00403410372645
schunck 1981:0.00403410372645
edge detector:0.00392771075648
visual motion:0.00392771075648
flow normal:0.00380763734506
properties associated:0.00380763734506
local neighborhoods:0.0036468980307
texture element:0.0036468980307
motion boundaries:0.00342022891186
surface point:0.003334004663
first four:0.00326207595807
one time:0.00320782496544
using explicit:0.00313435887147
based flow:0.00298734114321
existing flow:0.0029474046035
boundary causes:0.0029474046035
asymmetric boundary:0.0029474046035
properties across:0.0029474046035
bouthemy 1993:0.0029474046035
base flow:0.0029474046035
non motion:0.0029474046035
interactions across:0.0029474046035
flow gradients:0.0029474046035
flow fig:0.0029474046035
g fennema:0.0029474046035
projecting flow:0.0029474046035
colored bars:0.0029474046035
finite spatial:0.0029474046035
buxton 1987:0.0029474046035
actual boundary:0.0029474046035
flow continuity:0.0029474046035
explicit line:0.0029474046035
frame pair:0.0029474046035
copied flow:0.0029474046035
thompson 1985:0.0029474046035
occluded sides:0.0029474046035
projected flow:0.0029474046035
mrf methods:0.0029474046035
basing flow:0.0029474046035
thompson fig:0.0029474046035
explicit boundary:0.0029474046035
region processes:0.0029474046035
bar d:0.0029474046035
explicit flow:0.0029474046035
textured backgrounds:0.0029474046035
g anandan:0.0029474046035
