tridiagonal:0.0583574014493
matrices:0.0194227841758
decay:0.0187787589164
irreducible:0.0143635801736
ir:0.0130869149486
diagonally:0.0120650061824
nonsingular:0.01111852136
inverses:0.010848666982
green:0.0107250196003
definite:0.0106793110904
ikebe:0.0106288775319
det:0.0104752271587
vassilevski:0.0075920553799
nonsymmetric:0.00752831229427
banded:0.00751061560291
inverse:0.00731740336869
meurant:0.00712017914738
dominant:0.00696777302346
matrix:0.0068884470887
bunyakowski:0.00671850732137
meu:0.00671850732137
vas:0.00671850732137
symmetric:0.00669333811644
fy:0.00591419061931
fu:0.00563823713685
fv:0.00526981860599
multiplying:0.00504948882726
row:0.00503902636606
diagonal:0.00435835538456
splittings:0.004192248612
cgm:0.00407107922215
entries:0.00385761737877
gammab:0.0038315296048
ui:0.00371066998926
gantmacher:0.00335925366068
th:0.00335799906743
schwarz:0.00328774092672
corollary:0.00318286519976
vi:0.00294924870439
strictly:0.00285741963749
cauchy:0.00284083302046
gammac:0.00281197070503
krein:0.00271405281476
concus:0.00271405281476
sums:0.00267957378516
column:0.00263464343885
sharp:0.00248562827241
rates:0.0023369328544
rows:0.00232934776532
sequences:0.00229283618229
gk:0.0022862364897
pairwise:0.00225529485474
flipped:0.00224160806342
xi:0.0021918721396
fx:0.00217684246138
establish:0.00216990977556
decaying:0.00206579373428
nonnegative:0.00200520422131
columns:0.00197792957732
generalized:0.00180492841157
golub:0.00180164300485
band:0.00176213672513
da:0.00169553960527
xiyi:0.00167962683034
cauley:0.00167962683034
splitt:0.00167962683034
disered:0.00167962683034
racterization:0.00167962683034
elemen:0.00167962683034
venkataramanan:0.00167962683034
twise:0.00167962683034
jitesh:0.00167962683034
sasimi:0.00167962683034
mnnst:0.00167962683034
versit:0.00167962683034
rants:0.00167962683034
defineae:0.00167962683034
prepint:0.00167962683034
ae:0.00164600388494
characterize:0.00162268907755
dms:0.00160839294721
preconditioners:0.00160839294721
block:0.0015761537427
gammak:0.00154425457258
gammai:0.00153432412653
friedland:0.00151841107598
sonderforschungsbereich:0.00151841107598
jacobian:0.00148742477889
characterizations:0.00144451991664
elsner:0.00142403582948
ludwig:0.00142403582948
bielefeld:0.00142403582948
asplund:0.00142403582948
partioned:0.00142403582948
jacobi:0.00139739994178
constants:0.0013913838189
sign:0.00138686444001
jjxjj:0.00135702640738
beauty:0.00135702640738
characterization:0.00134846854085
equality:0.00134409643763
proved:0.00131346145225
varga:0.00130501187213
elegant:0.00128339249535
formulas:0.00124949242698
yi:0.0012317669593
dad:0.0012264970392
koh:0.00119530280358
kok:0.00119530280358
flat:0.00117475781675
irreducibility:0.0011677674494
barrett:0.0011677674494
hadamard:0.0011677674494
vw:0.0011677674494
balakrishnan:0.0011677674494
shmuel:0.00114311824485
cha:0.00114311824485
symmetrization:0.00114311824485
ff:0.00112109800507
wants:0.0011186891981
trix:0.00110041785511
spectral:0.00107593205456
induction:0.0010720020753
lemma:0.00106906022455
minors:0.00106426224687
fl:0.00104130461802
elegantly:0.00103289686714
yokohama:0.00101864081962
mar:0.00101864081962
radius:0.00101728571193
multiply:0.00101728571193
topic:0.000995396146209
decreasing:0.000988595081346
says:0.000977757506631
jd:0.000937323568344
transposed:0.000927667497315
hypothesis:0.000892844223138
exponentially:0.0008905315908
gaussian:0.000875651529553
moreover:0.000873648491424
recursive:0.000854834847185
vanishing:0.000834512844767
connection:0.000826350601288
overlapping:0.000819379956696
generalize:0.000814012144338
corollaries:0.000793040362495
pacific:0.000793040362495
schur:0.000793040362495
positive:0.000792536988567
elimination:0.000785240863323
preconditioning:0.000782364272766
ja:0.000777193243139
spline:0.00077212728629
jain:0.000767162063263
sparsity:0.000757517756968
interconnect:0.000757517756968
factorizations:0.000748230511334
asia:0.000743712389447
cambridge:0.000734911953012
eigenvector:0.000722259958322
theorems:0.000719372624781
obviously:0.000705112159627
sparse:0.000703254916195
uni:0.000702478863505
indices:0.00069645555044
fi:0.000692253117849
established:0.000689694391202
submatrix:0.00068768593502
absolute:0.000685261556619
japan:0.000673696192612
jj:0.000670313725018
var:0.000660422491218
partition:0.000649320309483
regular:0.000644345393558
ji:0.000624212330359
press:0.000621407068103
rate:0.000613228496307
partitioned:0.000609202731461
fp:0.000599964076699
norms:0.000599964076699
anything:0.000592343208858
explain:0.000591280545583
stephen:0.000589849740878
characterizes:0.000589849740878
conjugate:0.000584930266683
deleting:0.000582503384006
cheng:0.000577713230023
south:0.000573005231593
acknowledgement:0.000570681084796
generalizes:0.000542113706442
eigenvalue:0.000540032261435
tridiagonal m:0.0285602918714
m matrices:0.023308859372
green matrix:0.022094232603
tridiagonal matrices:0.0205292947817
generalized green:0.0202530465527
ir n:0.0196296012566
irreducible tridiagonal:0.0184118605025
diagonally dominant:0.0161754468138
positive definite:0.0160774644941
m matrix:0.0147089508663
symmetric positive:0.0134524736641
definite matrices:0.012331709523
sequences fu:0.0117601201823
tridiagonal matrix:0.0115538905813
n n:0.0103164911229
th column:0.00980596724419
decay rates:0.00950139242427
nonsymmetric tridiagonal:0.00920593025124
th row:0.0089907376761
symmetric tridiagonal:0.00854620061826
theorem 3:0.00829073203114
block tridiagonal:0.00808772340691
banded matrices:0.00797931003986
theorem 2:0.00748240719884
decay along:0.00736474420099
pairwise constant:0.00736474420099
green matrices:0.00736474420099
cauchy bunyakowski:0.00736474420099
bunyakowski schwarz:0.00736474420099
schwarz constants:0.00736474420099
nonsingular tridiagonal:0.00736474420099
sharp decay:0.00736474420099
four sequences:0.00672006867562
corollary 3:0.00669496702711
zero row:0.00607505579457
type d:0.00586728776124
symmetric matrices:0.00559598310675
symmetric irreducible:0.00552355815074
banded m:0.00552355815074
vi xi:0.00552355815074
decay result:0.00552355815074
ui vi:0.00552355815074
regular splittings:0.00552355815074
tridiagonal symmetric:0.00552355815074
irreducible nonsingular:0.00552355815074
decay rate:0.00522126060671
matrices moreover:0.00504005150671
diagonal matrix:0.00450416860356
lemma 3:0.00448032362533
z matrix:0.00427310030913
row sums:0.00416537510301
band matrices:0.00398965501993
d matrix:0.00398965501993
strictly decreasing:0.00391594545503
matrices theorem:0.00384924277158
indeed decay:0.0036823721005
formula multiplying:0.0036823721005
constant u:0.0036823721005
g fv:0.0036823721005
meurant cgm:0.0036823721005
tridiagonal z:0.0036823721005
krein gk:0.0036823721005
obtain det:0.0036823721005
flipped type:0.0036823721005
decaying manner:0.0036823721005
tridiagonal positive:0.0036823721005
characterize nonsingular:0.0036823721005
nonsymmetric irreducible:0.0036823721005
decay results:0.0036823721005
exist four:0.0036823721005
strictly decay:0.0036823721005
definite tridiagonal:0.0036823721005
manner along:0.0036823721005
vassilevski vas:0.0036823721005
matrix 2:0.00350411650167
c k:0.00346647532125
nonsingular symmetric:0.00336003433781
decreasing moreover:0.00336003433781
positive matrix:0.00336003433781
concus golub:0.00336003433781
c 33:0.00336003433781
ir n n:0.0302473384008
let a 2:0.0186929655127
tridiagonal m matrix:0.0174230324095
generalized green matrix:0.0174230324095
tridiagonal m matrices:0.0154871399196
positive definite matrices:0.013754889278
symmetric positive definite:0.0134339017922
g is strictly:0.0106482854641
fv i g:0.0100824461336
dominant by columns:0.00967946244973
irreducible tridiagonal m:0.00967946244973
along a row:0.00840203844467
fy i g:0.00840203844467
c i k:0.00826763633625
bunyakowski schwarz constants:0.00774356995978
cauchy bunyakowski schwarz:0.00774356995978
irreducible and nonsingular:0.00774356995978
irreducible tridiagonal matrix:0.00774356995978
dominant by rows:0.00709885697605
