secret:0.0269854244087
public:0.0165189538329
spi:0.0136044716163
secrecy:0.0120097174756
nonce:0.0112749906826
encryption:0.0102824534266
calculus:0.00942053406821
security:0.00898325431471
typing:0.00870510753056
confounder:0.0080879020195
attacker:0.00758054429311
confounders:0.00735263819955
barbed:0.00653448517403
cipher:0.00578055140162
cryptographic:0.00575689054052
protocols:0.00571074398459
dom:0.00570908399561
suc:0.00559062413814
message:0.00542021314888
polyadic:0.00531752747845
typechecks:0.00514684673968
principals:0.00514147069559
rules:0.00487554915794
protocol:0.00442421009319
ciphertext:0.00441573077425
decryption:0.00419317112974
leak:0.0041929681036
ciphertexts:0.00415830874711
proposition:0.00398765692775
names:0.0038434024548
keys:0.00377686255908
concretion:0.003740266605
martn:0.003740266605
fm:0.00371114852578
ksa:0.00367631909977
fpublic:0.00367631909977
kab:0.00356426464038
loe:0.00356426464038
comm:0.00352020970611
channels:0.00349849037989
secure:0.0034523423376
commitment:0.0033952551398
secretg:0.00332345467403
barb:0.00332345467403
cryptography:0.00326271068147
degano:0.0031168888375
bisimulation:0.00308018349285
channel:0.00302510897558
encrypting:0.00300242936889
publish:0.00294382051617
authentication:0.00292249250112
flows:0.00289231296009
abadi:0.00279531206907
concretions:0.00265876373922
bodei:0.00265876373922
piece:0.00263070868885
fx:0.00262053573769
oe:0.00260769786203
rule:0.00250234993148
messages:0.00249678835753
nb:0.00238867540409
says:0.00235409638903
fresh:0.00232124643836
fn:0.00225197592762
name:0.00221274372004
typechecking:0.00221062734075
prudent:0.00221062734075
ksb:0.00220579145986
mobile:0.00212496093151
corollaries:0.00208294083819
processes:0.0020155532341
focardi:0.00199407280442
blanchet:0.00199407280442
implicit:0.00198905715023
nielson:0.00196254701078
gordon:0.00195347055938
red:0.00183060049956
principles:0.00179980599577
strict:0.00178754895059
fi:0.00171720830373
pierpaolo:0.0017138235652
principal:0.00170600184927
challenge:0.00164717800203
derivations:0.00162781637723
protection:0.00161810137977
encrypted:0.00160810492899
pierce:0.00150121468445
leaking:0.00150121468445
successor:0.00149890849611
laud:0.00147052763991
ghelli:0.00147052763991
peeter:0.00147052763991
declassification:0.00147052763991
mhn:0.00147052763991
gksb:0.00147052763991
gkab:0.00147052763991
declassified:0.00147052763991
sabina:0.00147052763991
classification:0.00146618901525
subsumption:0.00144513785041
closed:0.00144239930424
passes:0.00143947680429
server:0.00143474830497
pi:0.00142938312965
attacks:0.00138862722546
behaves:0.0013864235798
protect:0.00136087864869
abstractions:0.00136011799284
stuck:0.00134331388132
sys:0.00133596349801
cleartexts:0.00132938186961
priami:0.00132938186961
fv:0.0013182203464
sound:0.0013075717854
flow:0.00130676365581
induction:0.00129050209146
environment:0.00126581596323
agent:0.00125417743937
analogues:0.0012441631745
andrew:0.00123408119594
novelty:0.00121827122918
formed:0.001197590382
propositions:0.00119173603505
numeral:0.00118808821346
key:0.00118759320001
ns:0.00117965354475
deduce:0.00117299487096
chiara:0.00114254904346
rossi:0.00114254904346
typecheck:0.00114254904346
minh:0.00114254904346
fz:0.00113175171327
riis:0.00110531367037
precautions:0.00110531367037
riccardo:0.00110531367037
concurrent:0.00109152848206
leaked:0.00107380863643
nonces:0.00107380863643
cardelli:0.00107380863643
phan:0.00107380863643
inputs:0.00106320320029
bruno:0.00105612132498
protected:0.00104871342394
levels:0.00104754754812
informal:0.00103720308012
abstraction:0.00103459622776
derivation:0.00103459622776
forbid:0.00102239037881
secrets:0.00102239037881
dolev:0.00102239037881
format:0.00102237280929
db:0.00101400605376
receipt:0.00101400605376
na:0.00100109170539
gk:0.00100080978963
trust:0.000988665259801
giorgio:0.000981273505389
numerals:0.000981273505389
testing:0.000967134832458
equivalence:0.000953944343733
formal:0.000918571300926
pieces:0.00089390747654
decrypt:0.000891828740366
auxiliary:0.000887397980468
alexandria:0.000880052426528
primitives:0.00086835214921
objectives:0.000842715820789
replication:0.000838782112445
administrator:0.000838634225948
send:0.00083773129876
match:0.000832594425209
occurrences:0.000826457413545
anyone:0.000820634792138
qn:0.000796225134696
va:0.000796225134696
judgments:0.000796225134696
adopt:0.000790317992921
restriction:0.000776676548435
rn:0.000774341434046
capability:0.000771814477171
composition:0.000769221368495
splitting:0.000769221368495
replay:0.00076752067773
luca:0.00076752067773
declared:0.000761820923749
proofs:0.000756005876715
reveal:0.000749454248055
receives:0.000745091721609
clearer:0.000742229705156
annotate:0.000742229705156
macedonio:0.000735263819955
spi calculus:0.0173514548936
level public:0.0153117534239
rule level:0.0131871057191
level secret:0.00967058110982
level encryption:0.00882406332352
strict barbed:0.00805881759151
dom e:0.00763464015318
p oe:0.00707894408221
cryptographic protocols:0.00698504142031
security protocols:0.00653514985567
typing system:0.00644705407321
level pair:0.00564117231406
typing rules:0.00552713050916
r fi:0.00546951756737
environment e:0.00497441745824
mobile processes:0.00486179339322
implicit flows:0.00483529055491
public level:0.00483529055491
testing equivalence:0.00483529055491
level input:0.00465330982576
shared key:0.00449416576788
encryption public:0.00441203166176
encryption secret:0.00441203166176
martn abadi:0.00441203166176
well formed:0.00419339460834
public channels:0.00416434917446
barbed bisimulation:0.00416434917446
closed process:0.00416434917446
secret data:0.00402940879576
fx let:0.00402940879576
secrecy properties:0.00402940879576
fpublic secretg:0.00402940879576
level decryption:0.00402940879576
resulting ciphertext:0.00402940879576
form fm:0.00402940879576
name n:0.0039312054224
secret key:0.00386899135641
dom oe:0.00385214208676
pi calculus:0.00385214208676
message message:0.00374064706137
implicit flow:0.00367669305147
level output:0.00347029097872
information flow:0.00340289537705
input public:0.00322352703661
secrecy types:0.00322352703661
x nonce:0.00322352703661
security v:0.00317942395657
message 3:0.00313981279622
case l:0.00313981279622
secret keys:0.00311720588448
oe 0:0.00301831155727
computer security:0.00297273465459
pair splitting:0.00294135444117
commitment relation:0.00294135444117
suc 0:0.00294135444117
passes r:0.00294135444117
secret channels:0.00294135444117
e suppose:0.00285666315617
process q:0.00285666315617
p passes:0.00277623278297
test r:0.00277623278297
fixed numbers:0.00277623278297
attacker could:0.00277623278297
n x:0.00270429119332
proposition 7:0.00261651066352
fi gamma:0.00243089669661
e oe:0.00243063955504
y nonce:0.00241764527745
term fm:0.00241764527745
x cipher:0.00241764527745
level subsumption:0.00241764527745
nonce nonce:0.00241764527745
secret level:0.00241764527745
level successor:0.00241764527745
y cipher:0.00241764527745
integer case:0.00241764527745
level integer:0.00241764527745
nonce i21:0.00241764527745
z cipher:0.00241764527745
output public:0.00241764527745
secretg case:0.00241764527745
level name:0.00241764527745
sys delta:0.00241764527745
nb case:0.00241764527745
achieving secrecy:0.00241764527745
two rules:0.00231163019606
ff gamma:0.00228533052494
level match:0.00220601583088
key protocols:0.00220601583088
abadi bruno:0.00220601583088
bruno blanchet:0.00220601583088
p behaves:0.00220601583088
could deduce:0.00220601583088
implicit context:0.00220601583088
suc m:0.00220601583088
fn m:0.00208217458723
e well:0.00208217458723
q passes:0.00208217458723
following principle:0.00208217458723
pierpaolo degano:0.00208217458723
piece of data:0.00635511219589
level encryption public:0.00508334251785
term of level:0.00508334251785
cipher of fx:0.00508334251785
p oe 0:0.00508334251785
strict barbed bisimulation:0.00508334251785
variables of level:0.00508334251785
level encryption secret:0.00508334251785
