stir:0.0429555754591
steihaug:0.0269721055208
trust:0.0217927494503
curvature:0.0212740272109
tir:0.0176804986311
subspace:0.0171697923138
unconstrained:0.0121065937554
sbmin:0.0109886355826
newton:0.00996399551878
minimization:0.0096570558361
mpcg:0.00884024931555
affine:0.00853740328099
reflection:0.00805979350881
inexact:0.00735520765205
iterations:0.00719143086871
lancelot:0.00714233158957
subproblem:0.006769008658
gensing:0.00663018698666
region:0.00648334419978
conjugate:0.00615723599585
fd:0.00605661666821
gradient:0.00579981652365
cragglevy:0.00552515582222
genwood:0.00552515582222
fig:0.00526867220241
lanczos:0.00515989936432
cholesky:0.00511317596831
scaling:0.00495919032965
reflective:0.00462922104887
negative:0.00415279736908
cg:0.00372979449851
convergence:0.00359798088804
interior:0.00340388251444
degensing:0.00331509349333
chainwood:0.00331509349333
constrained:0.00311234397009
genrose:0.00299690061343
nonlinear:0.00293582206081
minimizer:0.00278875055835
quadratic:0.00246016189611
molecule:0.0022121402717
chainsing:0.00221006232889
epowell:0.00221006232889
erosenbrock:0.00221006232889
augmlagn:0.00221006232889
nondegenerate:0.0021719039048
fx:0.00214822606706
orthogonality:0.00210148790059
indefinite:0.00205887852644
lo:0.00201887222274
factorization:0.00198602145733
preconditioned:0.00196905174001
definite:0.0019161677663
dikin:0.00187375426783
optimality:0.00186312961403
cornell:0.00185000334981
kgk:0.00178558289739
gammad:0.00176152759461
scale:0.00168042022954
diagonal:0.00167263491066
adaptation:0.00164903679466
coleman:0.00161383162847
bounds:0.00159480783585
sorensen:0.00153655490744
min:0.00145690110822
ithaca:0.00144793593653
orig:0.00144793593653
eigenvector:0.00142553050777
nf:0.00142324196859
counts:0.00140223518339
lim:0.00138910798294
iteration:0.00138387767358
nondegeneracy:0.00137904601239
converges:0.00137007423971
tucker:0.00135909144487
var:0.00130348138285
active:0.00127816010966
matrix:0.00124792234154
kuhn:0.00122063005455
ae:0.00121827435201
feasibility:0.00117407969356
stopping:0.0011641913565
fw:0.00115351013504
encountered:0.00114832623217
direction:0.00113281386851
krylov:0.00112458941779
stirmethod:0.00110503116444
gerose:0.00110503116444
wenmei:0.00110503116444
faltering:0.00110503116444
inffkz:0.00110503116444
jiaju:0.00110503116444
hongli:0.00110503116444
shuying:0.00110503116444
detong:0.00110503116444
magnetostrictive:0.00110503116444
polyurethane:0.00110503116444
tointbroy:0.00110503116444
middle:0.00109244644896
approaching:0.00108967598832
excess:0.00108150695113
mid:0.00108150695113
strict:0.00107460600931
eigenvalue:0.00106586618154
updating:0.00106407571483
count:0.00101530365157
subject:0.00101232336535
fkz:0.000998966871142
jingshu:0.000998966871142
stegmaier:0.000998966871142
gaither:0.000998966871142
multifield:0.000998966871142
botchen:0.000998966871142
superior:0.000989422076796
factorizations:0.000984525870003
matrices:0.000982946441838
inf:0.000978580900086
residual:0.000954703236007
foam:0.000936877133913
weiler:0.000936877133913
subspaces:0.000934495973714
eigenvectors:0.000934495973714
gradients:0.000929372355656
sparse:0.000925346731673
viable:0.000914453212173
feasible:0.00090918990131
blaauw:0.000892791448697
ebert:0.000892791448697
byrd:0.000892791448697
conformation:0.000892791448697
nondifferentiability:0.000892791448697
detected:0.000884284785626
appendix:0.000878556929323
nonetheless:0.000877609054305
approximate:0.000871631961608
outperform:0.00086057719232
schnabel:0.000858570941251
impaired:0.000858570941251
overlooks:0.000858570941251
scaled:0.000858362355656
differentiable:0.000852367138115
iterates:0.000832655065009
neurocomputing:0.000830590339889
bajaj:0.000806915814233
vicente:0.000806915814233
ertl:0.000806915814233
pcg:0.000806915814233
quartic:0.000806915814233
yes:0.000789436070349
actuators:0.000786393039836
jang:0.000786393039836
strikingly:0.000786393039836
procedurally:0.000786393039836
davies:0.000786393039836
axial:0.000786393039836
huang:0.000782719795708
proposes:0.000779408490041
stop:0.000762403426054
negative curvature:0.0395629303127
trust region:0.0334191329026
stir method:0.0254357277264
large step:0.021906284753
newton steps:0.0131182851156
step size:0.0122566345205
tir method:0.0121122512983
affine scaling:0.0116300425088
k g:0.0109961810957
d k:0.00991464129084
d affine:0.00968980103864
steihaug method:0.00968980103864
sufficient negative:0.00968980103864
unconstrained minimization:0.00944572421256
inexact newton:0.0089292794028
subspace trust:0.00847857590881
conjugate gradient:0.00825973519312
region subproblem:0.00799295676015
curvature direction:0.00773640072536
modified cholesky:0.00730209491767
minimization iterations:0.00726735077898
reflection technique:0.00726735077898
bound constrained:0.00714342352224
exact newton:0.00699383716513
fd k:0.00663120062173
subspace method:0.0065473968245
large scale:0.00632328583647
ae k:0.00607400220034
cg iterations:0.00599471757011
active set:0.00581502125438
region method:0.00578969711893
scaling matrix:0.00562212219238
curvature information:0.00552600051811
full space:0.00552600051811
minimization problems:0.00521262499935
subspace steihaug:0.00484490051932
subspace adaptation:0.00484490051932
subproblem 1:0.00484490051932
curvature problems:0.00484490051932
tir algorithm:0.00484490051932
iterations fig:0.00484490051932
fx k:0.00484223506196
reflective newton:0.00442080041449
without reflection:0.00442080041449
unconstrained problems:0.00442080041449
region methods:0.00437432746032
convergence properties:0.00431733442395
iteration count:0.00403519588497
nonlinear minimization:0.00399647838007
limit point:0.0039821786828
scale bound:0.00385979807929
bound constraints:0.00374808146159
updating trust:0.00363367538949
proposed stir:0.00363367538949
lancelot 8:0.00363367538949
fd gamma1:0.00363367538949
subproblem min:0.00363367538949
gammad gamma2:0.00363367538949
f gammad:0.00363367538949
positive curvature:0.00363367538949
stir algorithm:0.00363367538949
unconstrained trust:0.00363367538949
gensing c:0.00363367538949
region solution:0.00363367538949
subspace approach:0.00363367538949
steihaug trust:0.00363367538949
size property:0.00363367538949
method 1:0.00355864889104
cholesky factorization:0.00352952019563
starting point:0.00351973298119
order optimality:0.00343480880457
constrained problem:0.00337630161466
scaling matrices:0.00331560031087
constrained minimization:0.00327369841225
newton step:0.00322815670797
iteration counts:0.00314605306015
dimensional subspace:0.00314605306015
problem 100:0.00312946925043
order point:0.00312946925043
scaled gradient:0.00312946925043
strict feasibility:0.00312946925043
minimization subject:0.00312946925043
second order:0.00301248065625
region approach:0.00299735878505
c 28:0.00299735878505
update d:0.00299735878505
preconditioned conjugate:0.00297864285677
unconstrained problem:0.00289484855946
positive definite:0.00288451848
starting points:0.0028236161565
function subject:0.00281106109619
d gamma2:0.00281106109619
upper lower:0.00281106109619
fi q:0.00274019401747
region size:0.00274019401747
g k:0.0026941578396
constrained nonlinear:0.00262459647619
two dimensional:0.00257635439232
local minimizer:0.00257610660342
computational performance:0.00257610660342
matrices d:0.00257610660342
lanczos method:0.00253222621099
set method:0.00253222621099
steihaug 6:0.00242245025966
compute define:0.00242245025966
shows problems:0.00242245025966
steihaug 1:0.00242245025966
lo up50iterations:0.00242245025966
stir sbmin:0.00242245025966
cg problem:0.00242245025966
dikin scaling:0.00242245025966
minimization cg:0.00242245025966
space trust:0.00242245025966
steihaug subspace:0.00242245025966
problems iterations:0.00242245025966
nf k:0.00242245025966
affine k:0.00242245025966
fd gamma2:0.00242245025966
steps vs:0.00242245025966
cragglevy u:0.00242245025966
cholesky method:0.00242245025966
original upper:0.00242245025966
lower middle:0.00242245025966
