diagrammatic:0.0407632470719
sfc:0.0329047076417
diagrams:0.0201376920953
diagram:0.0146893357424
sfcs:0.0129368537541
formalisation:0.00901689903645
pragmatic:0.00789949603204
intuitive:0.00761088685389
reasoning:0.00682338632176
lift:0.00596990977298
languages:0.0055096146502
artifact:0.00531013259119
pragmatics:0.00522605731691
ective:0.00518237162867
implicature:0.00517474150164
fault:0.00512694675591
underpinning:0.00502574364501
informal:0.00501859285615
layout:0.00466707227899
visual:0.00450395812723
representations:0.00436434791113
notations:0.00435715036922
alarm:0.00433168286129
semantic:0.00419801009933
controller:0.00408883671486
safe:0.00401283714939
di:0.00371280363014
plc:0.00350854041035
venn:0.00350854041035
behavioural:0.00339026374259
formality:0.00329047076417
brake:0.00329047076417
matched:0.00327717805073
cognitive:0.00326485435804
transition:0.0032145722387
formal:0.0030708029274
graphical:0.00299106884447
iec:0.00291717358816
principled:0.0028877885742
qualifiers:0.00283402465464
abstraction:0.00273053421027
rode:0.00258737075082
lone:0.00258737075082
ranger:0.00258737075082
vpls:0.00258737075082
onus:0.00258737075082
colpoys:0.00258737075082
raising:0.00255141743579
erence:0.00251363309866
labelled:0.0024947144853
theories:0.00248291057802
modelling:0.00247663970751
sentence:0.0024602601728
comprehension:0.00238667937518
homomorphism:0.00235373841498
novice:0.00235373841498
rigorous:0.00234072756132
examination:0.00234072756132
sunset:0.00233902694023
systematicity:0.00233902694023
intuitiveness:0.00233902694023
directness:0.00233902694023
meaning:0.00228468092432
cognitively:0.00219364717611
visualised:0.00219364717611
formalizing:0.00216584143065
exploration:0.00212040839176
seriously:0.00210141880574
riding:0.00209042292676
undeniably:0.00209042292676
stopped:0.00206516125446
interpretations:0.00205487417082
conventions:0.00205487417082
paves:0.00201029745801
features:0.00198207891479
instantly:0.00194478239211
jumped:0.00194478239211
horse:0.00194478239211
intrinsic:0.00194069160974
pertinent:0.00189921755753
engineer:0.00189921755753
formalising:0.00188934976976
industrial:0.00188908899758
cad:0.00187156743682
preceded:0.00187156743682
behaviour:0.00186941802779
qualifier:0.00184129680265
mcgill:0.00184129680265
helen:0.00184129680265
aspects:0.00183377599214
novices:0.0017988801368
formalised:0.0017988801368
controllers:0.00179583377871
membership:0.00177986953616
representa:0.00176090942227
analogies:0.00172653563081
capture:0.00169148167283
permits:0.00167665174549
identification:0.00164710232131
propositional:0.00164105386365
tasks:0.00162869238736
truth:0.00162016061549
textual:0.00161446206588
action:0.00157282054614
semantically:0.00157263090953
justification:0.00157263090953
charts:0.00156915894332
uml:0.00154843870036
linda:0.00154843870036
emanating:0.00154843870036
semantics:0.00151055918632
desirable:0.00148510444498
naturally:0.00148364872555
logical:0.00147880552186
purchase:0.00147556401387
arguments:0.00147488842059
relations:0.00144992296364
dangerous:0.0014438942871
claims:0.00144234602892
isn:0.00142901965227
appeal:0.00141471793681
floor:0.0014009458705
actions:0.00138968238185
expresses:0.00138039145963
associations:0.001362441836
transitions:0.00135799569426
captures:0.00134889197681
prevalent:0.00133881223646
linguistic:0.0013275331478
theme:0.0013275331478
electronics:0.0013275331478
designers:0.00132402354158
studies:0.00131877467595
provision:0.00131658267201
objects:0.00130816875629
engineers:0.00130594174322
britton:0.00129368537541
semsplc:0.00129368537541
juxtaposes:0.00129368537541
carrington:0.00129368537541
facilitative:0.00129368537541
contravene:0.00129368537541
braille:0.00129368537541
oblong:0.00129368537541
floorcall:0.00129368537541
liftbody:0.00129368537541
implicatures:0.00129368537541
chkfault:0.00129368537541
stakes:0.00129368537541
awful:0.00129368537541
grice:0.00129368537541
questionably:0.00129368537541
welland:0.00129368537541
lineated:0.00129368537541
usability:0.00128552014455
association:0.0012822725753
net:0.00127734940307
evidence:0.00125393996751
designer:0.00125264355361
language:0.001240975954
standing:0.00120518819971
interpretation:0.00120043322491
logic:0.00119209770222
concrete:0.00118394890785
human:0.00118237099231
regions:0.00117305321949
tuitive:0.00116951347012
proclaimed:0.00116951347012
agrams:0.00116951347012
beg:0.00116951347012
syllogistic:0.00116951347012
adls:0.00116951347012
visualise:0.00116951347012
comprehen:0.00116951347012
decompositional:0.00116951347012
diagrammatically:0.00116951347012
abounds:0.00116951347012
begs:0.00116951347012
contributory:0.00116951347012
readership:0.00116951347012
seeing:0.00116691353829
permit:0.00116254047726
notably:0.00115260705826
tokens:0.00114564714538
assert:0.00113880978997
validation:0.00112563149933
active:0.00112227855728
guidelines:0.00111898998206
literal:0.00111260088068
isomorphism:0.00111260088068
programmable:0.00110012716125
deeper:0.00110012716125
carry:0.0010974443231
ondary:0.00109682358806
gineers:0.00109682358806
omg:0.00109682358806
forcefully:0.00109682358806
deactivation:0.00109682358806
diagrammatic languages:0.0226887376387
sfc diagram:0.0141804610242
pragmatic features:0.00992632271694
diagrammatic reasoning:0.00850827661452
lift controller:0.00850827661452
diagrammatic representations:0.00850827661452
well matched:0.00716976307233
sfc diagrams:0.0070902305121
property safe:0.0070902305121
reasoning tasks:0.00677830836852
formal underpinning:0.00646958464095
e ective:0.00623572671646
transition system:0.00593402347212
informal argument:0.00584861398874
alarm raising:0.00567218440968
represented artifact:0.00567218440968
based notations:0.00517566771276
software engineering:0.00453455019952
venn diagrams:0.00425413830726
original sfc:0.00425413830726
abstraction w:0.00425413830726
intuitive features:0.00425413830726
action step:0.00388175078457
directly capture:0.00388175078457
graph based:0.00348623948993
main body:0.00320809183252
di erence:0.00311786335823
specific features:0.00287452049148
industrial embedded:0.00283609220484
active steps:0.00283609220484
derivative meaning:0.00283609220484
ective representation:0.00283609220484
diagrammatic representa:0.00283609220484
raising component:0.00283609220484
rigorous evidence:0.00283609220484
reasoning derivative:0.00283609220484
engineering diagrams:0.00283609220484
cognitively informed:0.00283609220484
undeniably di:0.00283609220484
simple formalisation:0.00283609220484
considered approach:0.00283609220484
desirable system:0.00283609220484
floor fault:0.00283609220484
looking isn:0.00283609220484
helen c:0.00283609220484
formal accounts:0.00283609220484
intuitive reasoning:0.00283609220484
fault checking:0.00283609220484
behavioural model:0.00283609220484
function charts:0.00283609220484
cognitive dimensions:0.00283609220484
representations diagrammatic:0.00283609220484
linda colpoys:0.00283609220484
certain diagrammatic:0.00283609220484
engineer constructing:0.00283609220484
step associations:0.00283609220484
reasoning arguments:0.00283609220484
matthew mcgill:0.00283609220484
semantic interpretations:0.00283609220484
diagram syntax:0.00283609220484
diagrammatic representation:0.00283609220484
c purchase:0.00283609220484
novice program:0.00283609220484
always seeing:0.00283609220484
intuitive arguments:0.00283609220484
lone ranger:0.00283609220484
graphical pragmatics:0.00283609220484
pragmatic aspects:0.00283609220484
literal truth:0.00283609220484
counter intuitive:0.00276243955608
semantic information:0.00269880316926
correct use:0.00258783385638
formalizing style:0.00258783385638
increasingly prevalent:0.00258783385638
fault level:0.00258783385638
cad systems:0.00258783385638
informal arguments:0.00258783385638
conceptually partitioned:0.00258783385638
understand descriptions:0.00258783385638
directed link:0.00258783385638
d resulting:0.00258783385638
iec 1131:0.00258783385638
architectural connection:0.00258783385638
