blurring:0.0561544964801
toeplitz:0.0341233893171
cosine:0.0195330791332
neumann:0.0190298771006
diagonalized:0.0189092216036
boundary:0.0154996090388
hankel:0.0127041323805
blur:0.0103399203398
deblurring:0.00983482508806
regularization:0.00982954099045
matrices:0.00967710402182
blurred:0.00964229350674
fcts:0.00860547195205
image:0.00855811279086
circulant:0.00824723492784
preconditioner:0.00807453945893
restoration:0.00680941795077
transform:0.00675904735504
fct:0.00659214634015
matrix:0.00622372294951
ffts:0.00595806236649
preconditioners:0.00585992373996
gammam:0.00553578929359
periodic:0.00542519345025
gcv:0.00491741254403
omega:0.00473719187071
symmetric:0.00462220427976
signal:0.00456300118692
inversion:0.00432002891893
ringing:0.00408857938567
gatlinburg:0.00407963537122
discrete:0.00362019939585
block:0.00319025851608
dirichlet:0.00306655043829
nonsymmetric:0.00304757864132
restored:0.00304757864132
gammaj:0.0029452541476
convolution:0.00294061137121
gaussian:0.00283581955094
validation:0.0027608604043
minimizer:0.00274552387551
cigarette:0.00271975691414
eigenvalues:0.00265392241215
plus:0.00260377930704
dimensional:0.00257682862024
transforms:0.00254503519969
images:0.00248573705984
preconditioned:0.00242316337154
fourier:0.00241836828331
pp:0.00238333614022
conjugate:0.00236788926618
laplacian:0.00236614439148
sine:0.00235326296638
diagonal:0.00235244062894
cross:0.00234699948271
imaging:0.00221552970592
outside:0.00221495647777
af:0.0022089406107
restoring:0.0022089406107
noise:0.00208458903476
deconvolution:0.00193550912965
photo:0.00193550912965
kfk:0.00185100862522
diagonalize:0.00185100862522
ill:0.00184070113895
gradient:0.00178434912047
chan:0.00174438061702
diagonalization:0.00167253127019
multiplications:0.00167031617626
matlab:0.00166164727944
reflection:0.00165309659941
star:0.0016446607725
reflective:0.00162766656464
imposed:0.00157393046898
rel:0.00151777300156
remark:0.00149441540885
andy:0.00148710380566
impulse:0.0014726270738
noisy:0.00145102096998
norm:0.00140512135564
invert:0.00137276193775
lbt:0.00135987845707
azine:0.00135987845707
multisensors:0.00135987845707
donatelli:0.00135987845707
klfk:0.00135987845707
biemond:0.00135987845707
carmine:0.00135987845707
lagendijk:0.00135987845707
byn:0.00135987845707
kdfk:0.00135987845707
estatico:0.00135987845707
inverses:0.00135129544164
minimizes:0.00129243904972
separable:0.00128414060202
removal:0.00127251759984
distortion:0.00126685320917
gammai:0.00124223683984
kdf:0.00122935313601
fiore:0.00122935313601
martucci:0.00122935313601
capizzano:0.00122935313601
matrixg:0.00122935313601
fft:0.00120426565996
restorations:0.00115294398233
reconnaissance:0.00115294398233
calvetti:0.00115294398233
serra:0.00115294398233
superfast:0.00115294398233
talbot:0.00115294398233
mag:0.00115294398233
recover:0.00115040703831
skew:0.00114370841812
tensor:0.00112534855418
column:0.00112267884052
imposing:0.00111940453533
kailath:0.00109869105669
olshevsky:0.00109869105669
appleton:0.00109869105669
reconstructed:0.00108000722973
hugues:0.00105657846081
cf:0.00105279099283
yau:0.00102214484642
kq:0.00102214484642
fastest:0.00101999480015
yip:0.000993010394415
sanchez:0.000993010394415
spreads:0.000993010394415
scene:0.000967347313322
iterations:0.000961951220742
stopping:0.000955121627065
ditions:0.000945461080178
daniela:0.000945461080178
underdetermined:0.000945461080178
entry:0.000944509597627
generalized:0.000929935070521
strang:0.000925504312609
computationally:0.000914169984369
amplification:0.00090743802718
ocean:0.00090743802718
regularize:0.00090743802718
wiener:0.000890932740481
resolution:0.000882165235852
cv:0.000875738239139
atmospheric:0.000875738239139
posed:0.000874454045605
numerical:0.000868096035596
guide:0.000856835503724
ground:0.000851529112054
kf:0.000836265635095
iterative:0.000835395279656
solver:0.000826645815401
intensive:0.000817644842457
vision:0.000817644842457
th:0.000815622346852
ridge:0.00081383328232
raymond:0.00081383328232
householder:0.00081383328232
restores:0.00081383328232
claudio:0.000803524458895
rms:0.000803524458895
hm:0.000793737341079
consideration:0.000787458846329
borders:0.000775531575388
kronecker:0.000767031121878
jh:0.000767031121878
log:0.000763980428542
squares:0.000758980102723
bands:0.000758886500781
boundary condition:0.0373126739686
blurring function:0.0367236264723
cosine transform:0.026580766151
blurring matrix:0.0253404705102
neumann boundary:0.0249933179675
plus hankel:0.0178873909484
optimal cosine:0.0178873909484
toeplitz plus:0.0163216117655
discrete cosine:0.0155816478326
blurring matrices:0.0149061591236
blurring functions:0.0149061591236
transform matrix:0.0130628566135
block toeplitz:0.012920026755
transform preconditioner:0.0119249272989
dimensional case:0.0118375749142
boundary conditions:0.0112913422408
periodic boundary:0.0100720890473
zero boundary:0.00922528723998
image restoration:0.00817869727722
symmetric blurring:0.00816080588274
toeplitz toeplitz:0.00816080588274
toeplitz block:0.00770267483239
generalized cross:0.00769228440294
omega c:0.00769228440294
c omega:0.00753668227378
f gammam:0.00745307956182
blurred signal:0.00745307956182
hankel matrix:0.00712519451645
transform matrices:0.00680067156895
gaussian blur:0.00680067156895
regularization parameter:0.00661947275928
focus blur:0.00641889569366
function h:0.00612962920859
first column:0.00601278811988
transform preconditioners:0.00596246364946
deblurring problem:0.00596246364946
cross validation:0.00566133604143
dimensional ffts:0.00544053725516
pp 59:0.00544053725516
block matrix:0.00530010636687
hankel matrices:0.00513511655492
toeplitz matrix:0.00503604452364
toeplitz matrices:0.00496598613049
cosine transforms:0.00491833773924
gammam 1:0.00475012967763
matrices obtained:0.00461264361999
ringing effects:0.00447184773709
hankel blocks:0.00447184773709
gcv estimate:0.00447184773709
fct requires:0.00447184773709
gatlinburg conference:0.00447184773709
nonsymmetric blurring:0.00447184773709
direct toeplitz:0.00447184773709
discrete laplacian:0.00415510608871
data outside:0.00408040294137
condition provides:0.00408040294137
restoration problems:0.00408040294137
guide star:0.00408040294137
regularization functional:0.00385133741619
gammam 2:0.00385133741619
data inside:0.00385133741619
n operations:0.00378255586245
different boundary:0.00368875330443
condition imposed:0.00368875330443
conjugate gradient:0.00363035397784
th entry:0.00356440146634
toeplitz systems:0.00356259725822
symmetric toeplitz:0.00356259725822
o n:0.00350055297357
block circulant:0.00345948271499
dirichlet boundary:0.00342060379416
symmetric part:0.00337226887456
see 14:0.00332225762663
operations see:0.00323000668876
two boundary:0.00323000668876
finite length:0.00317033175786
matrix see:0.00317033175786
solution f:0.00306701147896
diagonal matrix:0.00303879546897
invert especially:0.00298123182473
three fast:0.00298123182473
neumann blurring:0.00298123182473
zero left:0.00298123182473
pp 211:0.00298123182473
complicated structures:0.00298123182473
blurring process:0.00298123182473
reflective boundary:0.00298123182473
left periodic:0.00298123182473
optimal regularization:0.00298123182473
neumann right:0.00298123182473
v gammaj:0.00298123182473
matrix provided:0.00298123182473
transforms fcts:0.00298123182473
periodic middle:0.00298123182473
symmetric see:0.00298123182473
conditions rel:0.00298123182473
dense toeplitz:0.00298123182473
fastest direct:0.00298123182473
blur ae:0.00298123182473
fft see:0.00298123182473
theta gaussian:0.00298123182473
ng andy:0.00298123182473
neumann reflective:0.00298123182473
resulting blurring:0.00298123182473
conference image:0.00298123182473
blur removal:0.00298123182473
zero dirichlet:0.00298123182473
two blurring:0.00298123182473
rel figure:0.00298123182473
three fcts:0.00298123182473
p 258:0.00294044373632
form given:0.00290380993411
log n:0.00283021023303
preconditioned conjugate:0.00274929015891
completely determined:0.0027228262761
