motion:0.0231770292198
depth:0.0147031236248
translational:0.0120801393873
epipolar:0.0108641028771
3d:0.00944763360371
rotational:0.00925910911519
volume:0.00919608734245
scene:0.0090341137729
rotation:0.00885892594645
servoing:0.00837465381035
image:0.00782331930258
translation:0.007797410496
eye:0.00771563910882
sphere:0.00734711190093
distortion:0.00723018819634
zmin:0.00705554741147
camera:0.00532329934765
eyes:0.0052908223398
panoramic:0.00513037038028
negative:0.00499474697209
vision:0.00466646494315
minimization:0.00442684539766
flow:0.00427822516281
constraint:0.00420446266
orthogonality:0.00402535638658
minima:0.00400253957037
optic:0.00375208122305
plane:0.00367190806923
rmax:0.00360647109086
noise:0.00360520375716
estimation:0.00327348275464
field:0.00319663998801
estimated:0.003164817541
surface:0.00312656993531
rigid:0.0030666769733
sin:0.00305163404492
cameras:0.00302723852932
visual:0.00302324275319
optical:0.00296510512883
aperture:0.00295572556136
ambiguities:0.00282638031046
thetark:0.00282221896459
zmax:0.00282221896459
spherical:0.00278300227039
circle:0.00277762883827
egomotion:0.00274095798246
amounts:0.00251915993697
perpendicular:0.00248435256934
measurements:0.0024656430734
noiseless:0.00245269915197
velocity:0.00242599510541
surfaces:0.00234032331915
cmax:0.00228016461346
axis:0.00222278817968
ep:0.00211123254383
recovering:0.00204355213733
foe:0.00203493166915
ffl:0.00201405958433
estimating:0.00200954752547
minimizations:0.00188324831251
errors:0.00187455137167
robot:0.00186326442701
coordinates:0.00182606813706
deviation:0.00177204001731
noisy:0.00175663323362
observer:0.00170120353259
great:0.00168833539699
min:0.00167439827152
fields:0.00167280800298
angle:0.00166653100352
dz:0.00164727999421
volumes:0.00164322459008
fl:0.0016038625101
observability:0.00157495242559
hemisphere:0.00154563046751
rot:0.00154563046751
topographic:0.00150631951979
area:0.00145952660609
iso:0.00144802951979
estimator:0.00143687242786
wedge:0.00141243623438
dadr:0.00141110948229
gammasgn:0.00141110948229
sensors:0.00137089417874
iii:0.0013695053726
areas:0.0013663255295
direction:0.0013561758847
ks:0.00135126356526
inertial:0.00134118232789
estimate:0.00133152808163
cornelia:0.0012756668497
inherent:0.00125762354871
controller:0.0012388801897
dr:0.00123484717773
alter:0.00121338948957
rmin:0.00119637911576
planar:0.00117949412532
minimizes:0.00117348823731
recovery:0.00116917072919
directions:0.00116316901004
circular:0.00116097559416
vc:0.00115734586632
slope:0.00115549493044
oxy:0.00114008230673
confounded:0.00114008230673
thetar:0.00114008230673
courses:0.00112472316259
error:0.00111937448647
estimates:0.00111803798642
infor:0.00111458007704
perception:0.00110968510724
aloimonos:0.00109638319299
iv:0.00109245303882
normal:0.00109182741662
projection:0.00107490344121
statistical:0.00106796579987
fi:0.00106623825921
minimized:0.00106020891304
moving:0.00105096268747
confusion:0.00104884242431
planning:0.00103946430881
orientations:0.00103580204094
geometric:0.00103060550038
deltar:0.00103042031168
valleys:0.00103042031168
compound:0.00102817063405
sgn:0.0010042130132
prerequisites:0.0010042130132
yiannis:0.0010042130132
spatiotemporal:0.00098107966079
mation:0.000973034112881
animate:0.00096037105716
geometrically:0.000948717239349
dynamical:0.000948717239349
relationship:0.000947107215288
smallest:0.000940266512308
cos:0.000931632213504
flying:0.000924497061955
accurately:0.000915399257035
opposite:0.000913430693393
orientation:0.000910894941451
regulator:0.000908730134543
coordinate:0.000900702932259
subspaces:0.000895003805393
maple:0.000894121551926
shaped:0.000885263233025
center:0.000878039011296
theta:0.000877091314817
signs:0.000875808058858
integrand:0.000844493017531
video:0.00083326550176
angles:0.000828211737831
nodal:0.000823639997106
focal:0.000823639997106
derivatives:0.00081853455895
delta:0.000811806184532
procedures:0.000811806184532
front:0.000807054853039
finiteness:0.000787476212796
multiplicative:0.000783096629255
sensitivity:0.000782141571229
analysing:0.000779363831436
fix:0.000772776889442
ff:0.000765270295476
shape:0.000757909930683
textured:0.00075680963233
doe:0.00075680963233
employ:0.000755460613181
positivity:0.000749815441728
origin:0.000743128641905
calibration:0.000743053384691
restrictive:0.000737128596858
rise:0.000725870630583
qualitative:0.000722100678345
interested:0.000721283044612
align:0.000718042550378
robotics:0.000718042550378
levers:0.000705554741147
vertebrates:0.000705554741147
decelerates:0.000705554741147
ravine:0.000705554741147
ffku:0.000705554741147
cornucopia:0.000705554741147
hemispheres:0.000705554741147
iiv:0.000705554741147
oykoy:0.000705554741147
veritable:0.000705554741147
gripper:0.000705554741147
oxkox:0.000705554741147
dza:0.000705554741147
gyrosensor:0.000705554741147
fermuller:0.000705554741147
reconstruction:0.000691158552465
subsequently:0.00069065664356
hessian:0.000690534693959
substituting:0.000688387923799
negative depth:0.0479824054358
3d motion:0.0237118865277
depth volume:0.0208795350419
translational error:0.0131463739152
depth values:0.0125632068727
epipolar constraint:0.0110894315827
rotational error:0.0108264255773
normal flow:0.00862511345321
camera type:0.00850647723928
orthogonality constraint:0.0084674833122
motion estimation:0.00832128570728
distortion surface:0.00695984501395
great circle:0.00637895682871
z zmin:0.00618652890129
restricted field:0.00541321278863
negative range:0.00541321278863
type eye:0.00541321278863
panoramic vision:0.00541321278863
distortion surfaces:0.00541321278863
epipolar minimization:0.00541321278863
motion parameters:0.00539646482425
depth constraint:0.00532809067631
fl ffl:0.00524849460271
optical flow:0.00508523015445
image motion:0.00496202454552
line constraint:0.00493936526545
visual servoing:0.00493936526545
positive depth:0.00492863625898
motion field:0.00492863625898
y 0:0.00489756913392
optic flow:0.00485015860794
z min:0.00466207934178
point r:0.00463734400297
every direction:0.00399606800724
rigid motion:0.00390995278527
area iii:0.00386658056331
e ep:0.00386658056331
depth interval:0.00386658056331
depth z:0.00382737409723
x 0:0.00364393541049
flow measurements:0.00352811804675
obtained solution:0.00352811804675
circular aperture:0.00352811804675
parameters simultaneously:0.00352811804675
depth estimates:0.00349899640181
ffl 6:0.00342058076567
theta r:0.00337830178921
inherent ambiguities:0.0033300566727
image measurements:0.00323343907196
r min:0.00313517735205
rotational errors:0.00309326445065
smallest negative:0.00309326445065
type eyes:0.00309326445065
ks thetark:0.00309326445065
noisy flow:0.00309326445065
u tr:0.00309326445065
spherical eye:0.00309326445065
range volume:0.00309326445065
z sphere:0.00309326445065
iso distortion:0.00309326445065
estimating 3d:0.00309326445065
scene point:0.00299123973161
c min:0.00291583033484
recovering 3:0.0028224944374
video cameras:0.0028224944374
full field:0.0028224944374
rotational flow:0.0028224944374
mathematical constraints:0.0028224944374
ff ffl:0.00279282341805
error ffl:0.00269453255996
fi ffl:0.00266404533816
d motion:0.00266404533816
range r:0.00251077758253
z z:0.00248487773523
absolute minimum:0.00246431812949
ffl fi:0.00246431812949
local minima:0.00242816017203
rotation around:0.00239299178528
image point:0.00237717214814
motion fields:0.00233266426787
z plane:0.00233266426787
u rot:0.00231994833798
zmin z:0.00231994833798
fixed translational:0.00231994833798
every depth:0.00231994833798
rmax gamma:0.00231994833798
error sensitivity:0.00231994833798
servoing tasks:0.00231994833798
total negative:0.00231994833798
flow fields:0.00223425873444
points r:0.00223425873444
flow field:0.00215562604797
b without:0.00212151176322
estimate 3d:0.00211687082805
wedge shaped:0.00211687082805
motion errors:0.00211687082805
estimated depth:0.00211687082805
accurate 3d:0.00211687082805
errors satisfy:0.00211687082805
inertial sensors:0.00211687082805
fi 0:0.00211143861826
