monteiro:0.0206178840229
phi:0.0183862641894
pang:0.014457002854
semidefinite:0.0143920751382
cl:0.0111694928492
complementarity:0.0109789098445
map:0.0107668147003
equilevel:0.00960166341407
homeomorphism:0.00644308875717
injective:0.00586609990556
deltay:0.00570527050018
monotone:0.00565309932269
interior:0.00540772476158
maps:0.00535108842773
theta:0.00507401324648
shindoh:0.00491175387476
lx:0.00480994829254
homeomorphically:0.00450121899105
cholesky:0.00446779713967
convex:0.00417027100267
deltax:0.00414279230285
shida:0.00409312822897
dom:0.00396911842962
homeomorphic:0.0038658532543
affine:0.00372991133059
proposition:0.00335144269597
primal:0.00328313317374
kojima:0.00322154437858
jjj:0.00322154437858
tsuchiya:0.00312041760779
lim:0.00303444117284
nonlinear:0.00303167821781
implication:0.00266781472679
cone:0.00256519684054
central:0.00245465651917
lemma:0.00239679675507
closed:0.00233128930503
psd:0.00225060949553
subsection:0.00223507796797
eigenvalues:0.00219842751438
alizadeh:0.00217726272348
verification:0.0021496432649
zanj:0.00193111095974
acomo:0.00193111095974
converges:0.00191543222678
fx:0.00187707959539
satisfying:0.00184028617454
letting:0.00176730506132
ambrosetti:0.00174575698438
prodi:0.00174575698438
gjd:0.00174575698438
weighted:0.00172724972902
shapiro:0.00171158115005
continuous:0.00169268974467
definite:0.00167431141007
specialization:0.00167033952711
dual:0.00163780939526
khk:0.00163725129159
definedness:0.00163725129159
cones:0.00161649818545
haeberly:0.00156020880389
proper:0.00150374158786
hara:0.00150040633035
triangular:0.00147275421777
consequences:0.00141524099795
nesterov:0.00141013577046
accumulation:0.00138690862391
fundamental:0.00138600116855
overton:0.00137427094073
onto:0.00136280652816
continuity:0.00131225398101
derivative:0.0013017409521
imply:0.00129290885686
matrices:0.00128832021287
identities:0.00125275464533
symmetric:0.00124486128813
lyapunov:0.00124360210478
metric:0.00124062232285
zhang:0.0012171304447
statements:0.00121282589527
duality:0.00121148752312
open:0.00119338652002
sturm:0.00118754858185
tech:0.00115601586983
inclusion:0.00114856275595
compact:0.0011359018743
contradicting:0.00113341224333
nonsingular:0.00112793428452
differentiable:0.00111717359775
establish:0.00110880093484
directional:0.00110666247496
corrector:0.00110130248558
spaces:0.00103720383996
newton:0.00100457909634
chapter:0.00100457909634
fl:0.00099767932771
matrix:0.000975630990502
technical:0.000966361281439
plementarity:0.000965555479871
proposnt:0.000965555479871
ineqtr:0.000965555479871
sdlcps:0.000965555479871
jjjh:0.000965555479871
xyw:0.000965555479871
lyap:0.000965555479871
existence:0.000961251281074
inequality:0.000946841150106
contradiction:0.000926726889482
corollary:0.000914855871496
kauk:0.000872878492188
eee:0.000872878492188
isye:0.000872878492188
pfor:0.000872878492188
gatech:0.000872878492188
lemmas:0.000865451696167
restricted:0.00084903065247
singular:0.000840126728764
kg:0.000840017602853
family:0.000821784313951
rheinboldt:0.000818625645794
sdlcp:0.000818625645794
injectiveness:0.000818625645794
ramana:0.000818625645794
centers:0.000812068111487
properness:0.000780104401946
wolkowicz:0.000780104401946
hom:0.000780104401946
sdps:0.000780104401946
said:0.000772503328587
cited:0.000770677246554
infeasible:0.000763048004867
predictor:0.000763048004867
invariance:0.000759305035982
conclude:0.000756615104521
xy:0.000751956189683
cel:0.000750203165175
potra:0.000750203165175
ffv:0.000725754241159
vandenberghe:0.000725754241159
subsections:0.000724227642262
assumptions:0.000709821989916
conical:0.000705067885229
nemirovskii:0.000705067885229
homeomorphisms:0.000705067885229
eq:0.000704970570219
paths:0.000690107315453
conic:0.000687135470363
tun:0.000687135470363
kz:0.000687135470363
center:0.000686629220915
ortega:0.00067130641141
closedness:0.00067130641141
sdp:0.00067130641141
summarizes:0.000670523390392
analytic:0.000666953681698
convergence:0.00066186276478
deltaz:0.000657136493366
primer:0.000657136493366
triple:0.000653477177417
infinity:0.000653477177417
fu:0.000648242891332
topological:0.000638024945532
min:0.00063650641445
boyd:0.000632589615119
resp:0.000628122146965
gj:0.000621801052392
nlp:0.000621801052392
qualification:0.000621801052392
loan:0.000621801052392
normed:0.000611805090225
assumption 2:0.0308396895533
cl v:0.0173179850821
phi v:0.0159618924822
pang 1998:0.0144852669205
map defined:0.0130997600001
x y:0.0124634883496
v theta:0.0119877551916
n theta:0.0115891901846
theta f:0.0112825931215
interior point:0.0111407480001
map phi:0.010622529075
equilevel monotone:0.010622529075
satisfying assumption:0.010622529075
phi x:0.0104384574262
semidefinite programming:0.0103103191076
z injective:0.00965684461367
local homeomorphism:0.00965684461367
y equilevel:0.00965684461367
u theta:0.00825333717263
k g:0.00823548954778
pair phi:0.00820325609153
complementarity problem:0.00811275305491
theta m:0.00802941083996
central path:0.0079809462411
assumption 1:0.00746260937098
nonlinear semidefinite:0.00729178319247
lim k:0.00715110249617
m n:0.00714543420015
phi gamma1:0.00675979122957
map f:0.0066412491546
cholesky factor:0.00657224275425
lower cholesky:0.0063499521033
pairs phi:0.0063499521033
hence assumption:0.0063499521033
y k:0.00594570282919
pair satisfying:0.0057941067682
z bounded:0.0057941067682
easily see:0.00556717729398
fundamental map:0.00529162675275
implication holds:0.00491241000005
point map:0.00482842230683
homeomorphically onto:0.00482842230683
homeomorphic maps:0.00482842230683
local homeomorphic:0.00482842230683
continuous map:0.00478856774466
statements hold:0.00458655772128
d holds:0.00458655772128
primal dual:0.00442871882698
m 0:0.00432658679813
upper cholesky:0.0042333014022
satisfy assumption:0.0042333014022
h gamma1:0.00423097242056
e follows:0.00421569249877
satisfies assumption:0.00421569249877
f x:0.00421414165484
complementarity problems:0.00417538297048
problem 1:0.00416128167267
map h:0.00399047312055
closed set:0.00394334565255
y z:0.00393326072558
let d:0.00389305221596
weighted central:0.00386273784547
semidefinite complementarity:0.00386273784547
maps phi:0.00386273784547
following statements:0.00376303304033
deltax deltay:0.00368761502496
n assumption:0.00364589159624
convex nonlinear:0.00364589159624
positive semidefinite:0.00361543641986
main result:0.003567733445
fx k:0.00352581035046
affine map:0.00349198037457
d theta:0.00339540084617
point algorithms:0.00325328996229
k 0:0.00321544539007
map 2:0.00319237849644
w z:0.00319204080491
path maps:0.00317497605165
consequences including:0.00317497605165
phi required:0.00317497605165
f restricted:0.00317497605165
y example:0.00317497605165
unique symmetric:0.00317497605165
open map:0.00317497605165
h dom:0.00317497605165
y deltax:0.00317497605165
y conditions:0.00317497605165
pang 1996b:0.00317497605165
finally assumption:0.00317497605165
phi p:0.00312083444156
semidefinite program:0.00312083444156
holds finally:0.00312083444156
lemma 6:0.00311762985773
simply say:0.00305770514752
ffl y:0.00305770514752
theorem 1:0.00304301511794
u y:0.00301286368322
n 0:0.00290394167593
dom j:0.0028970533841
shapiro 1997:0.0028970533841
remaining requirements:0.0028970533841
d j:0.00273570322216
pang 1996:0.00273441869718
let phi:0.00271632067693
lemma 9:0.00270883162634
k y:0.00268050531084
n denote:0.00265329228517
following implication:0.00261898528093
subset h:0.00261898528093
maps m:0.00261898528093
important technical:0.00261898528093
g restricted:0.00261898528093
open set:0.00260263196983
open convex:0.00252941549926
positive definite:0.00252038944399
k ffl:0.00248753645699
h maps:0.00245620500002
z 2:0.00244996232702
example 5:0.002437083376
theta s n:0.0581409189888
monteiro and pang:0.0204016274164
v theta f:0.0178024518194
cl v theta:0.0144644921032
phi x y:0.0132602095939
u theta m:0.0102001612261
y equilevel monotone:0.0102001612261
x y equilevel:0.0102001612261
pair phi v:0.00890122590968
