occluding:0.0611172348989
occlusion:0.0407383263148
fourier:0.0285764616238
motion:0.0264311521651
velocity:0.0249174143371
occluded:0.0187940000921
translucency:0.0184320286129
signals:0.0157883881214
sinusoidal:0.0131434913761
optical:0.0130003900889
frequency:0.0125890452697
signal:0.0120189511554
ow:0.011862604226
spectrum:0.0117173981113
image:0.0110474084495
spectra:0.0107602131996
beauchemin:0.00945229325025
scene:0.00941342265255
visual:0.00835359565591
stimuli:0.0076333352079
mffc:0.0075618346002
velocities:0.00704455194558
degenerate:0.00695964590676
barron:0.00660969402184
motions:0.00633599146361
aperture:0.00565682234416
orientation:0.00549145306819
convolved:0.00538136324959
boundary:0.00531493915804
amplitude:0.00520642683171
sensor:0.00494029440921
frequencies:0.00455160674533
plane:0.00449148269296
discontinuous:0.00387003172637
zanker:0.0037809173001
boundaries:0.00344109938611
intensity:0.00341217255714
2d:0.00332459581897
discontinuities:0.00328933671159
consonant:0.00320557019355
nk:0.0031679957318
transform:0.00313206901494
translating:0.00306508027609
planes:0.00306410792275
percept:0.0030547289003
phenomena:0.00303873018763
origin:0.0029867008623
dirichlet:0.00298411283759
1d:0.00284522071448
fleet:0.00284190481357
sinusoidals:0.00283568797508
normal:0.00282792056843
spatial:0.00278948417441
3d:0.0027845318853
peaks:0.00277532105425
transparency:0.00277532105425
spectral:0.00272471914655
spatiotemporal:0.00262869827522
descriptive:0.00262424664106
segmentation:0.0025278536284
elicit:0.00252298146051
imaging:0.00230996781838
retinal:0.00229104667522
surface:0.00221752338185
stereo:0.00220142248299
distortion:0.00220142248299
translucent:0.00213142861018
moving:0.00211195679181
scenes:0.00208017426333
texture:0.00203230051034
window:0.00202129491026
eects:0.00195640239993
sperling:0.00189045865005
ectance:0.00189045865005
weichuan:0.00189045865005
translucence:0.00189045865005
spatiotemporally:0.00189045865005
rigid:0.00186746221641
prole:0.00185781842903
content:0.00181443625041
obstacle:0.00181028327532
nite:0.0017806058562
eld:0.00176113798639
detection:0.001729833837
chubb:0.00170900660853
gratings:0.00170900660853
disambiguates:0.00170900660853
sommer:0.00170900660853
translation:0.00170549628431
drift:0.00170520733577
vision:0.00170499476301
convolutions:0.00167555021842
stimulus:0.00165514162075
imagery:0.0016171780288
theoretical:0.00161271600073
idealization:0.00160278509677
tting:0.00160278509677
planar:0.0015801643316
surfaces:0.00156766165847
additive:0.00156766165847
dened:0.00154927328624
shifts:0.00153205396137
daniilidis:0.00152736445015
disparity:0.00150678785616
series:0.00148980031831
exponential:0.0014775158941
transforms:0.0014741770312
dierentiable:0.00146882089374
deformations:0.00146730179995
environmental:0.00144293880188
projection:0.00144004454218
sinusoid:0.00142095240679
ffts:0.00138045064245
exhibiting:0.00136745800692
phe:0.0013453408124
corollaries:0.00133887776681
satised:0.00133887776681
identied:0.00132976886025
rst:0.00130979055616
recovery:0.00130527842696
measurement:0.00129188231382
pictured:0.00128660589065
edged:0.00128660589065
flow:0.00128465191539
constraint:0.00128465191539
langley:0.00126149073025
synthetically:0.00123854561935
composition:0.00123610494493
expansions:0.00123350126685
collision:0.00123350126685
gaussian:0.00123195743436
characterizations:0.0012193803062
dirac:0.00121742271947
photometric:0.00121742271947
instantaneous:0.00120570944896
geometry:0.00119547232521
onto:0.00118588243565
kostas:0.00117961807179
gerald:0.00114650368401
expansion:0.0011377457058
coherent:0.00113168028471
kx:0.00113136446883
ix:0.00111703347894
optic:0.00111703347894
perception:0.00111498106781
unconstrained:0.00110955249291
fig:0.00109623742626
bridges:0.00106630163282
respective:0.00106593517769
integrable:0.00105497924638
translational:0.00104411111623
cients:0.00103366158877
shape:0.0010153693972
contribution:0.000994928246585
coe:0.000969960150351
sig:0.000969960150351
straight:0.000962762319192
composed:0.00095476093964
absolutely:0.000954184422214
rotational:0.000954184422214
fundamental:0.000949776872938
translates:0.000948098598957
mo:0.00094662306031
corn:0.000945229325025
optica:0.000945229325025
realisti:0.000945229325025
seedlings:0.000945229325025
translucencies:0.000945229325025
plaid:0.000945229325025
intensi:0.000945229325025
plaids:0.000945229325025
emanated:0.000945229325025
dierentiated:0.000945229325025
tigated:0.000945229325025
visu:0.000945229325025
hypotheses:0.000944332827266
reciprocal:0.000939263411056
superposition:0.000939263411056
circular:0.000933213070431
conjectured:0.000925107018084
compensated:0.000911638671283
depicted:0.000904251511734
background:0.000894531809373
minute:0.000892585177871
material:0.000891168713169
spatially:0.0008865125735
occupies:0.000880568993197
perspective:0.000875210708485
satises:0.000874748880353
imaginary:0.000857978874421
emanates:0.000854503304264
illumina:0.000854503304264
quencies:0.000854503304264
occluding signal:0.025901084001
non fourier:0.0217431174564
optical ow:0.0214147857901
occluded signals:0.0155406504006
occlusion scene:0.0155406504006
occluding boundary:0.0155406504006
image signals:0.0151256469262
full velocity:0.0134685636805
fourier motion:0.0134685636805
image motion:0.0132956561969
occlusion boundary:0.010707392895
fourier transform:0.010093020213
l barron:0.00932439024035
fourier properties:0.00932439024035
visual sensor:0.00932439024035
exponential series:0.00932439024035
occluded signal:0.00932439024035
aperture problem:0.00854615047864
discontinuous visual:0.00828834688031
frequency spectrum:0.00781291533423
complex exponential:0.00769153543077
frequency structure:0.0075628234631
constant model:0.00742848349449
degenerate occluding:0.00725230352027
sinusoidal signal:0.00725230352027
frequency space:0.00721347612012
visual motion:0.00690315582152
optical flow:0.0068128917134
step function:0.00664782809845
fourier spectrum:0.00625033226739
velocity 1:0.00624597918877
amplitude spectra:0.00621626016023
image velocity:0.00611025673584
dirichlet conditions:0.00598230533505
occluding boundaries:0.00598230533505
frequency domain:0.00579048363181
occlusion boundaries:0.0057777093846
motion parameters:0.00525808406144
degenerate signal:0.00518021680019
occlusion window:0.00518021680019
mffc principle:0.00518021680019
sinusoidal signals:0.00518021680019
theoretical results:0.00458476736687
fourier spectra:0.00446141370626
theoretical framework:0.00433547654489
j l:0.00431176341247
visual stimuli:0.00427307523932
additive translucency:0.00414417344016
arbitrary signals:0.00414417344016
constraint planes:0.00414417344016
occluding velocity:0.00414417344016
theta motion:0.00414417344016
c 1n:0.00414417344016
occluded velocities:0.00414417344016
translucency phenomena:0.00414417344016
spectral orientation:0.00414417344016
normal velocity:0.00412693527472
d fig:0.00408747442357
multiple motions:0.0040074867334
image plane:0.00393487656077
frequency content:0.00390645766712
normal vector:0.00390085454463
phase shifts:0.00378141173155
k nk:0.00378141173155
amplitude spectrum:0.00378141173155
obstacle detection:0.00378141173155
vector normal:0.00356913096501
image sequences:0.00333086943323
frequency 2:0.00330154821977
fourier transforms:0.00325071212053
spatial frequency:0.00320598938672
drift balanced:0.00310813008012
exact frequency:0.00310813008012
motion percept:0.00310813008012
translucent material:0.00310813008012
velocity leaving:0.00310813008012
intensity prole:0.00310813008012
occluding sinusoidal:0.00310813008012
planes k:0.00310813008012
resulting occlusion:0.00310813008012
occluded sinusoidal:0.00310813008012
occluding edge:0.00310813008012
motion stimuli:0.00310813008012
fourier visual:0.00310813008012
dimensional motion:0.00305512836792
corresponding frequency:0.00283605879866
x x0:0.00283605879866
image signal:0.00283605879866
fourier analysis:0.00280021725049
y z:0.00269531487566
