rake:0.0341563132631
amplifier:0.0230653865385
energy:0.0228887735359
consumption:0.0203610694918
distortion:0.0201132652861
channel:0.0192462582789
coder:0.0144069902016
psnr:0.013825174416
mobile:0.0135193631868
codec:0.0129658852129
variabilities:0.0105721922005
transmit:0.0102256890728
fingers:0.00991508869223
reconfigurable:0.00968484360594
carphone:0.00899591074887
coastguard:0.00899591074887
encoder:0.00872154548668
wireless:0.00863271796291
multipath:0.00788279231963
image:0.00781810958005
receiver:0.00749135768006
rs:0.00743498158653
coders:0.00726809564133
power:0.00695502947419
indoor:0.00684009663093
transmission:0.00680168089117
configuration:0.00677255005535
spiht:0.00650596443107
tot:0.00625444388032
coding:0.0059797183326
decoder:0.00553876697105
coe:0.00553876697105
distances:0.00523551124051
enc:0.00459829551978
channels:0.00454790688819
meters:0.00451818886802
akiyo:0.00449795537444
optimized:0.00441650101536
images:0.00431647807385
ciency:0.00407281605326
baseband:0.00406622776942
dat:0.00405703484586
station:0.0039594755515
cients:0.00393501435087
pixel:0.00392571732555
variability:0.00353715580164
erent:0.00342342296791
finger:0.00336798868082
rate:0.00335007734827
transmitted:0.00331749531677
bitstream:0.00328449679985
snr:0.00312722194016
joint:0.0031198530431
galois:0.00306121262184
digital:0.00292048369272
daughter:0.0027958044289
consumed:0.00278475605751
cient:0.00274241064979
cmos:0.00270275255049
qcif:0.00269877322466
ce:0.00261951626717
blocks:0.0026191820778
mother:0.00256076817651
claire:0.00256076817651
bit:0.00255373549293
transmitter:0.00245938396929
pico:0.00243973666165
redundancy:0.00242553933937
reconfiguration:0.00232742744442
source:0.00232541193006
rates:0.00232446965565
correctable:0.00228809739052
container:0.00224532578722
signal:0.00222418066291
joules:0.0021804286924
di:0.00215147945549
bits:0.00214901728103
savings:0.00213955695902
silent:0.00212620011124
dsp:0.0020677176706
reconfiguring:0.00202851742293
variation:0.00197063796804
consumes:0.00196805689756
impulse:0.00194835378903
configurations:0.00188862118953
multiuser:0.0018763331641
decoded:0.00184625565702
noise:0.00183867186142
tances:0.00179918214977
modulator:0.00179918214977
imt:0.00179918214977
jscc:0.00179918214977
rdsp:0.00179918214977
optimization:0.00179256396655
wavelet:0.00178782642304
symbols:0.0017695403506
solomon:0.00168399434041
powered:0.00168399434041
codewords:0.00165962722107
bpp:0.00163672103819
hall:0.00163310662807
7db:0.00162649110777
rdo:0.00162649110777
constraint:0.00159881785266
ber:0.00159465008343
protection:0.0015837902206
curve:0.00152626154243
rf:0.00152222652212
reed:0.00152222652212
progressive:0.00150606295601
employing:0.00146302591909
opt:0.0014360528982
operational:0.00142969873957
plane:0.00142487388567
encoded:0.00142124739888
minimization:0.00141107074242
analog:0.00140116873872
mobiles:0.00139790221445
delay:0.00136428782402
distance:0.00134391175758
quantization:0.00134086981728
ects:0.00133063594741
terminal:0.00131944375133
response:0.00131812050995
convolutional:0.00131379871994
fraction:0.00128456695979
phones:0.00128038408825
transceiver:0.00128038408825
controller:0.0012636701268
averaged:0.0012531308451
fading:0.00125088877606
db:0.00124063060236
scenario:0.00123327944967
bandwidth:0.00119390682321
era:0.00115864222978
programmable:0.00114749450792
hardwired:0.00114001610516
bers:0.00114001610516
base:0.00113854215009
im:0.00112661243397
codeword:0.00112266289361
lowers:0.00112266289361
probability:0.00111077930488
multimedia:0.00110175828151
short:0.00110062682502
worst:0.00109762034402
converter:0.00106310005562
stepsize:0.00106310005562
video:0.0010624238839
block:0.00105521492481
transform:0.00104329546282
compressed:0.00103592615555
employed:0.00103168604759
characterized:0.00102495944866
tradeo:0.00100404197067
spreading:0.000983753587718
noisy:0.000959883956748
terminals:0.000956024018908
gradient:0.000944310594766
pixels:0.000939848133824
mpeg:0.00093905715573
diagram:0.000928594145987
spread:0.000928252019171
hardware:0.000920331946644
interference:0.000913249805996
correction:0.000913249805996
pl:0.000908113795557
dec:0.000905934767435
adder:0.000900917516831
rcpc:0.000899591074887
tewfik:0.000899591074887
homerf:0.000899591074887
8distance:0.000899591074887
alhussein:0.000899591074887
semisystolic:0.000899591074887
rsdec:0.000899591074887
9distance:0.000899591074887
arib:0.000899591074887
uncoded:0.000899591074887
rician:0.000899591074887
5db:0.000899591074887
mchips:0.000899591074887
huaming:0.000899591074887
power amplifier:0.0295804240481
energy consumption:0.0259874104443
transmit power:0.0235870562364
rake receiver:0.0197202826987
optimized system:0.0170943576451
image transmission:0.0161347151618
transmission system:0.0147902120241
channel coding:0.0138268950351
fixed system:0.0138041978891
rate distortion:0.0130135482684
c rake:0.0118321696192
mobile 2:0.0118321696192
mobile 1:0.0108461554843
power consumption:0.0105667531864
joint source:0.00989673337346
source channel:0.00934115088313
energy models:0.00894681443449
configuration space:0.00839073457507
per pixel:0.00822485674044
configuration vector:0.00788811307949
wireless image:0.00788811307949
distortion points:0.00788811307949
source coder:0.00788811307949
channel coder:0.00788811307949
image transmitted:0.00719762427161
low power:0.0069925993428
indoor o:0.00690209894456
rake fingers:0.00690209894456
bit plane:0.00690209894456
base station:0.00666249574192
total energy:0.00654267061907
short distances:0.00629792123765
rs encoder:0.00591608480962
distance meters:0.00591608480962
source coders:0.00591608480962
optimization problem:0.00579033002647
optimization algorithm:0.00570078993219
source rate:0.0056934273674
total system:0.00541005302158
short range:0.00512217375642
performance models:0.00512217375642
energy optimization:0.00509517320898
baseband processing:0.00493007067468
source codec:0.00493007067468
akiyo carphone:0.00493007067468
operational rate:0.00493007067468
configuration vectors:0.00493007067468
indoor wireless:0.00493007067468
coe cients:0.00489854977058
input state:0.00488008060063
e ciency:0.00473760110737
dynamic algorithm:0.00471318094025
o ce:0.00453844468823
distortion constraint:0.00449851516975
di erent:0.00422628311954
bit error:0.00419422857324
energy consumed:0.00419422857324
energy minimization:0.00412278572398
hall objects:0.00394405653975
coastguard container:0.00394405653975
power reconfigurable:0.00394405653975
multipath channels:0.00394405653975
rs coder:0.00394405653975
channel response:0.00394405653975
container hall:0.00394405653975
maximum transmit:0.00394405653975
error energy:0.00394405653975
claire coastguard:0.00394405653975
digital power:0.00394405653975
digital blocks:0.00394405653975
image variability:0.00394405653975
channel codec:0.00394405653975
objects mother:0.00394405653975
spiht coder:0.00394405653975
carphone claire:0.00394405653975
rs codec:0.00394405653975
system energy:0.00392765078354
galois field:0.00392765078354
power p:0.00381397026139
long range:0.00363720652013
various blocks:0.0035988121358
distortion per:0.0035988121358
average distortion:0.0035988121358
bits per:0.00347635928756
reconfigurable system:0.00339678213932
ce environment:0.00339678213932
path loss:0.00339678213932
system designed:0.00338128313849
power controlled:0.00325338706709
processing power:0.00316340643863
controlled system:0.00314212062683
rate r:0.00312761114015
total rate:0.00305117620912
significant bit:0.00300182983976
digital energy:0.00295804240481
tot m1:0.00295804240481
way mobile:0.00295804240481
channel condition:0.00295804240481
fixed systems:0.00295804240481
multipath channel:0.00295804240481
input variabilities:0.00295804240481
channel impulse:0.00295804240481
protection symbols:0.00295804240481
distortion curves:0.00295804240481
channel variabilities:0.00295804240481
compressed bitstream:0.00295804240481
channel decoder:0.00295804240481
r o1:0.00295804240481
