register:0.0300249151094
ckfs:0.0274509947163
packet:0.0158704541496
compiler:0.0150061903572
backend:0.0132129808442
frontend:0.0131252136063
ckf:0.01161388238
registers:0.0107941074497
asips:0.0102767628788
ir:0.00934816872996
assembly:0.00922320697664
instruction:0.00911269491517
packets:0.00897424198076
bitwidth:0.00767719803072
wordlength:0.00763574268557
int:0.00724766964642
nps:0.00668127484988
np:0.00649684969968
bit:0.00634022768626
inneon:0.00633484493453
lance:0.00602092338172
retargetable:0.00584347788016
allocator:0.00568672989036
arrays:0.00505741075361
allocation:0.00496832093739
unaligned:0.00477233917848
pointer:0.00457049287364
dfts:0.00447571944652
addressing:0.00439612606375
embedded:0.00437480326006
spill:0.00421485044301
dft:0.00415031264647
le:0.00414848827913
offset:0.00405796252039
specic:0.00405272507959
compilers:0.00405247912602
dsp:0.00388285186528
olive:0.00381787134279
processors:0.00377128148093
elem:0.00375681558829
selector:0.00374313073476
array:0.00369345490159
dsps:0.0035928004424
code:0.00358266262725
virtual:0.00351918147529
bitstream:0.00308388681566
asip:0.00300545247063
width:0.00290430870481
ow:0.00283936230009
dedicated:0.00281281630414
alu:0.00277980319101
instructions:0.00274293493898
eort:0.00266452550792
gs:0.00252743550683
urgently:0.00246097755119
bitstreams:0.00246097755119
osets:0.00238077493949
cient:0.00234082738099
gsm:0.00231291511175
industrial:0.00231259587815
processor:0.00225609240522
oset:0.00225408935297
simd:0.00222384255281
pa:0.00220581250108
optimizations:0.00220172582632
supernodes:0.00215568026544
supernode:0.00215568026544
coloring:0.00213910265382
jinhwan:0.00211161497818
congurable:0.00211161497818
tensilica:0.00211161497818
compiled:0.00210605581872
operands:0.0020263625398
dierent:0.00198337757836
lifetime:0.00197980588492
asics:0.00194782596005
aligned:0.00194434630278
superword:0.00190893567139
bitvalue:0.00190893567139
executable:0.00188567649052
init:0.00183707077335
iburg:0.00179028777861
backends:0.00179028777861
cores:0.00178656525949
interference:0.0017863968261
ansi:0.00176759484657
format:0.00176170050432
operand:0.00173820783112
transmitter:0.00173187757359
indirect:0.00172377453107
house:0.00171501800591
yunheung:0.00170604400683
peephole:0.00170604400683
piperench:0.00170604400683
paek:0.00170604400683
exemplied:0.00170604400683
dortmund:0.00170604400683
retargeting:0.00164065170079
xiaotong:0.00164065170079
intrinsics:0.00164065170079
sig:0.0016251471951
compilation:0.00156990093358
narrow:0.0015695106586
architecture:0.00156659938175
masking:0.00156170446523
subdivided:0.00156170446523
xed:0.00155547704222
pande:0.00154194340783
insu:0.00150272623532
uh:0.00150272623532
exploiting:0.00147856497272
icts:0.00146810898269
subscripted:0.00143712017696
zhuang:0.00140906690594
oered:0.00140906690594
signicant:0.0014024849383
protocol:0.00138971372249
identiers:0.00138343754882
permits:0.0013683554774
risc:0.00136203017115
pai:0.00135984357507
specied:0.00134676002127
programmable:0.00134676002127
quality:0.0013449108041
santosh:0.00133798297372
suif:0.00133798297372
grammar:0.00133196011772
symbolic:0.00133089756674
market:0.00132472719229
ict:0.00131761633022
core:0.00130472920058
asic:0.00129855064004
consuming:0.00129786243929
multimedia:0.00129308157591
grenoble:0.00128062803787
synthesis:0.00127921289223
exibility:0.00126371775341
programmer:0.00125140499877
validation:0.00122487295034
buer:0.00121804643681
optimizing:0.00121802632677
scalar:0.00120620145776
rajiv:0.00119104350633
comprises:0.00118247944798
rst:0.00117041369049
physical:0.00115940256697
loops:0.00115640017661
indirectly:0.00115122084757
generator:0.00113873340247
rays:0.0011220401659
live:0.00111233238706
name:0.00110518456222
selection:0.00109788003503
specication:0.0010834314634
datapath:0.0010834314634
arithmetic:0.00107688248126
jose:0.00107618433867
tu:0.00107449451894
gnu:0.00107449451894
oper:0.00106581020317
host:0.00105901242658
ware:0.00105736427125
formats:0.00105736427125
chidamber:0.00105580748909
gepard:0.00105580748909
riscs:0.00105580748909
exibil:0.00105580748909
xdsl:0.00105580748909
engel:0.00105580748909
bitwidths:0.00105580748909
registern:0.00105580748909
mikro:0.00105580748909
xmc:0.00105580748909
hpca:0.00105580748909
recongurable:0.00105580748909
stmicroelectronics:0.00105580748909
icd:0.00105580748909
valen:0.00105580748909
bit packet:0.025343081079
bit packets:0.0185162105153
register arrays:0.016895387386
register allocation:0.0124789249883
virtual registers:0.0122178657589
c compiler:0.011161769744
level addressing:0.0104153684148
code selection:0.0095460725548
packet level:0.00872704697062
assembly code:0.00816820561141
compiler known:0.00797345734427
register le:0.00797345734427
register allocator:0.00785434227356
instruction set:0.00775002607126
code selector:0.00633577026976
register array:0.00633577026976
compiler backend:0.00633577026976
network processor:0.00626692250517
c source:0.00610893287943
register int:0.0059800930082
np instruction:0.00578631578602
c frontend:0.00578631578602
address code:0.00537164786158
known functions:0.00537164786158
code generation:0.00535712925723
physical registers:0.00526031008855
assembly programming:0.00498341084017
code optimization:0.00490148685706
three address:0.0047730362774
embedded systems:0.00466812282459
machine specic:0.00462905262882
unaligned bit:0.00462905262882
packet pointer:0.00462905262882
packet array:0.00462905262882
backend interface:0.00462905262882
inneon np:0.00462905262882
interference graph:0.0046097975527
spill code:0.00445538487895
code quality:0.00436352348531
virtual register:0.00426573302467
standard processors:0.0042238468465
protocol processing:0.00417944433508
c code:0.00408249581641
source code:0.00403044510995
bit level:0.00390981253917
data ow:0.00390981253917
optimization tools:0.00381842902192
compilers architecture:0.00380476639851
machine independent:0.00363105398564
network processors:0.00358109857439
packet processing:0.00358109857439
internal virtual:0.00347178947161
avoid time:0.00347178947161
elem offset:0.00347178947161
function pa:0.00347178947161
static int:0.00347178947161
functions ckfs:0.00347178947161
np architecture:0.00347178947161
bitstream oriented:0.00347178947161
ow trees:0.00347178947161
systems october:0.00345909907128
compiler design:0.00328178270387
graph coloring:0.00322410883828
standard c:0.00317483026793
multimedia instruction:0.00316788513488
within registers:0.00316788513488
int register:0.00316788513488
written assembly:0.00316788513488
lifetime analysis:0.0029900465041
exploiting narrow:0.0029900465041
instruction sets:0.00290484318851
generated code:0.00276727925702
optimization techniques:0.00272039600748
c language:0.00267635682765
original c:0.00261811409119
c programs:0.0025616302002
application specic:0.0025594398148
optimal code:0.0024613370279
since ckfs:0.00231452631441
urgently required:0.00231452631441
frame accesses:0.00231452631441
packet arrays:0.00231452631441
set permits:0.00231452631441
consuming assembly:0.00231452631441
narrow bitwidth:0.00231452631441
executable ir:0.00231452631441
format required:0.00231452631441
gs 5:0.00231452631441
register n:0.00231452631441
dedicated register:0.00231452631441
np core:0.00231452631441
frontend part:0.00231452631441
using ckfs:0.00231452631441
ir structure:0.00231452631441
inneon technologies:0.00231452631441
packet oriented:0.00231452631441
like basic:0.00231452631441
register wordlength:0.00231452631441
symbolic addresses:0.00231452631441
restricted addressing:0.00231452631441
retargetable c:0.00231452631441
validation methodology:0.00231452631441
optimizing stack:0.00231452631441
packet access:0.00231452631441
code ir:0.00231452631441
machine wordlength:0.00231452631441
specic backends:0.00231452631441
supernode n:0.00231452631441
library lance:0.00231452631441
np assembly:0.00231452631441
packet width:0.00231452631441
width operands:0.00231452631441
instruction patterns:0.00231452631441
