marketing:0.0374539693082
movie:0.0176442338252
customer:0.0145195104803
movies:0.0132716777183
social:0.0127362964264
ratings:0.0122424161972
mining:0.0121818818554
customers:0.0114886436712
ltering:0.0106731238697
eachmovie:0.0105644670448
collaborative:0.0100389406346
rating:0.0078888306863
prot:0.00642699163143
viral:0.00603683831131
uence:0.00602486033055
rated:0.00587081320194
prots:0.00511820476832
marketed:0.0046904142778
neighbors:0.0046488934049
people:0.00462094444168
advertising:0.00451601015534
elp:0.00447842917228
sigkdd:0.00430519849028
inactive:0.00383980374279
protable:0.00383865357624
web:0.00366304507423
eects:0.00351417249458
market:0.00347162414549
genre:0.00340316618177
mined:0.00340166715604
discovery:0.00323466110917
discount:0.00312116410902
hill:0.00308956186256
users:0.00305875976927
srecent:0.00301841915565
network:0.00291536104435
markets:0.00286884219865
yk:0.00283597181814
item:0.00274221150573
greedy:0.00273171013185
revenue:0.00272870199207
grouplens:0.00272870199207
buying:0.00268506433539
database:0.00266487258671
probabilities:0.00258534842325
friends:0.00256783973164
discounted:0.00255378128011
climbing:0.0025006352245
networks:0.00249115962938
causal:0.00246044580479
peer:0.00242826873471
gibbs:0.00240582745802
person:0.00236210367872
markov:0.00227685202087
heckerman:0.00226877745451
kleinberg:0.00226877745451
phoaks:0.00226381436674
labeling:0.00218454874533
lift:0.00217639977893
companies:0.00215173583234
jx:0.00206797422982
referral:0.00204652649405
correlation:0.00200518645562
bin:0.00198104032094
intrinsic:0.00198100451479
jensen:0.00196927539234
relaxation:0.00196357015212
estimating:0.00195386448528
attributes:0.00194083258898
demographic:0.00191932678812
neville:0.00191932678812
scenarios:0.00187598799695
communities:0.00187460505422
profit:0.0018472392225
training:0.00184158844733
bayes:0.00180650397829
mass:0.00178024534585
online:0.00177316083987
sites:0.00177316083987
buy:0.00176179862429
eld:0.00175746128914
stars:0.00174111982314
sampling:0.00172935427857
votes:0.00170252085341
bought:0.00170158309088
dierent:0.00165381530886
uences:0.00165308243947
hyperlinks:0.00165308243947
seattle:0.0016455968984
bins:0.0016343393579
neighbor:0.00162932957158
databases:0.00162221430196
purchases:0.00161103860123
eect:0.00160425641365
domingos:0.0015106285655
siteseer:0.00150920957783
referralweb:0.00150920957783
yolum:0.00150920957783
buzz:0.00150920957783
hotmail:0.00150920957783
lambdamoo:0.00150920957783
munindar:0.00150920957783
cobot:0.00150920957783
getoor:0.00150920957783
imdb:0.00150920957783
lise:0.00150920957783
relational:0.00149002370828
jk:0.00148823806171
faloutsos:0.00145785735259
dierence:0.00144827811169
wa:0.00143506616343
chakrabarti:0.00143442109933
recommendation:0.00143442109933
individuals:0.0014154589065
lifetime:0.00141500322485
million:0.001383487733
scenario:0.00137935054385
ik:0.00136990029887
breese:0.00136435099604
konstan:0.00136435099604
belle:0.00136435099604
theater:0.00136435099604
yongseog:0.00136435099604
xiaodan:0.00136435099604
recommend:0.00136131792317
incentive:0.0013548030466
signicantly:0.00134462802538
items:0.00132252765359
christos:0.00132134896822
illinois:0.00132069354729
inference:0.00131315841717
oer:0.00130583986736
jon:0.00130583986736
flake:0.00127955119208
riedl:0.00127955119208
filtering:0.00126654345705
naive:0.00126654345705
observational:0.00125031761225
usa:0.00124477774415
chicago:0.00124232870769
tenth:0.00123582474502
postings:0.00121934063828
oering:0.00121934063828
campaign:0.00121934063828
miner:0.00121934063828
discovering:0.00121684295986
pedro:0.00121413436736
ve:0.00121068409729
pages:0.00119927547716
released:0.00119860510089
publicly:0.00119206549784
fared:0.00117260356945
tomers:0.00117260356945
hyperlinked:0.00117260356945
jiawei:0.00117260356945
eectively:0.00116152221762
specic:0.00115862248935
august:0.00114902560999
commerce:0.00114263086552
recommendations:0.00114263086552
email:0.00114247226642
newsgroups:0.00113438872726
leverages:0.00110205495965
hypertextual:0.00110205495965
promotional:0.00110205495965
jennifer:0.00109964888481
univariate:0.00108390238697
nd:0.00108275548752
cus:0.00107402573416
pass:0.00106257681344
opportunities:0.00105116487173
authoritative:0.00104928415495
uenced:0.00104928415495
tering:0.00104928415495
internet:0.00104926612327
action:0.00104848448694
learning:0.00104465464627
company:0.0010406792819
spread:0.00103819529938
alpha:0.00103394687436
dependency:0.0010313482188
alberta:0.00102742522415
mine:0.00102713589266
recommender:0.00102713589266
provost:0.00102713589266
andrew:0.00101323476564
mouth:0.00100708571033
levine:0.00100708571033
pearson:0.00100708571033
oered:0.00100708571033
ten:0.0010002212857
minutes:0.00099726362572
com:0.000990001350566
smoothed:0.0009847408861
actions:0.000972719642979
collaborative ltering:0.0173577220158
social networks:0.011397074638
network value:0.0107520729163
direct marketing:0.00997244030828
data mining:0.00944745428183
network eects:0.00744374278818
social network:0.00679215209313
viral marketing:0.00661666025616
p x:0.00584141596107
acm sigkdd:0.0052239047622
markov random:0.00519014418743
marketing action:0.00496249519212
discounted movie:0.00496249519212
mass marketing:0.00496249519212
ltering system:0.00496249519212
sigkdd international:0.00448749512478
relaxation labeling:0.00447889669803
ltering systems:0.0041354126601
inactive people:0.0041354126601
lifetime value:0.0041354126601
knowledge discovery:0.00401013102409
mining august:0.00388802545507
greedy search:0.00374227144133
single pass:0.0036331009312
marketing actions:0.00330833012808
ve stars:0.00330833012808
ltering database:0.00330833012808
hill greedy:0.00330833012808
greedy single:0.00330833012808
advertising scenario:0.00330833012808
collaborative filtering:0.00329456874891
hill climbing:0.00314818108501
r j:0.00307289527817
network values:0.00301873426362
r ik:0.00301873426362
random eld:0.00301873426362
r jk:0.00301873426362
pass direct:0.00301873426362
intrinsic value:0.00301873426362
gibbs sampling:0.00298700030462
dependency networks:0.00284926865951
naive bayes:0.0028362678795
david jensen:0.002728986855
bayes model:0.002728986855
dierent marketing:0.00248124759606
mining social:0.00248124759606
less probabilities:0.00248124759606
profit hill:0.00248124759606
eachmovie collaborative:0.00248124759606
eachmovie database:0.00248124759606
observational databases:0.00248124759606
social net:0.00248124759606
mining causal:0.00248124759606
alpha profit:0.00248124759606
movies released:0.00248124759606
customer acquisition:0.00248124759606
free movie:0.00248124759606
equation 2:0.00244016114762
international conference:0.00236181708015
august 22:0.0022690143036
knowledge sharing:0.00226405069771
heckerman et:0.00226405069771
m estimate:0.00226405069771
potential customers:0.00226405069771
ignoring network:0.00226405069771
demographic information:0.00226405069771
equation 7:0.00215196046287
september 1:0.00213695149463
jon kleinberg:0.00213695149463
jk r:0.00213695149463
tenth acm:0.00207605767497
august 21:0.00207605767497
networks proceedings:0.00206322263047
expected profit:0.00204674014125
wa usa:0.00201438169015
model accuracy:0.00197674124934
christos faloutsos:0.0019195271563
seattle wa:0.00191276112768
n u:0.00186979990238
chicago illinois:0.00186979990238
test set:0.00182626042117
set m:0.00178370853888
pedro domingos:0.00175908897515
one containing:0.0017017607277
low probability:0.00167657855579
search set:0.00165416506404
discount let:0.00165416506404
estimating campaign:0.00165416506404
marketing strategies:0.00165416506404
non customers:0.00165416506404
movie attributes:0.00165416506404
ltering databases:0.00165416506404
containing movies:0.00165416506404
improve peer:0.00165416506404
prot potential:0.00165416506404
levine creating:0.00165416506404
collaborative ltering system:0.00521708675616
conference on knowledge:0.00491601146356
sigkdd international conference:0.00491601146356
