hole:0.0400760180501
calculus:0.0285611019712
lling:0.0221397287688
renamer:0.0190199105676
contexts:0.0179862350625
lambda:0.016996900606
holes:0.0109271545175
lred:0.0105196651307
redex:0.00950799248093
ll:0.00937288380969
lled:0.00812937918381
substitution:0.00745428259403
rst:0.0067053957506
typed:0.00667633999156
abstracted:0.00613191869412
dom:0.00576577215416
binding:0.00576045691854
typing:0.00533772350993
rosser:0.00490404927037
denition:0.00458813104967
fx:0.00443097676802
constructor:0.00432432911562
renamers:0.00420786605227
exported:0.00419951702318
rename:0.00359958601987
church:0.00356013164485
dene:0.00335309779771
renaming:0.00332534366265
congruence:0.00326598491444
interface:0.0031825569516
bruijn:0.00316281839555
yng:0.0031558995392
betred:0.0031558995392
module:0.00300825233711
redexes:0.00292553614798
modules:0.00283597621665
candidates:0.00272657242577
ml:0.00258422607479
cod:0.00254975625322
exibility:0.00251824082003
renamed:0.00246654837097
uent:0.00245202463519
dened:0.00241390845903
rewriting:0.00240450493306
fy:0.00231507170634
dierent:0.00230552250566
substitutions:0.00228798449962
sato:0.00224588908612
annotate:0.00212386567552
xgm:0.00210393302613
hamana:0.00210393302613
dami:0.00210393302613
pfv:0.00210393302613
xg:0.00209065383229
bind:0.00205914390987
induction:0.00201421577361
modula:0.00199967318562
reduction:0.00199323603932
meta:0.00198167543484
abstraction:0.00197364185319
exible:0.00194073986445
app:0.00191395376352
bv:0.00191395376352
hygiene:0.00190199105676
talcott:0.00190199105676
sequent:0.00188868061502
abs:0.00186475670408
fa:0.00185495137582
murdoch:0.0017837747992
subterm:0.00174302135118
derivation:0.00172693662154
manipulation:0.00170769961651
grafting:0.00169983750215
friedman:0.00163299245722
manipulating:0.0016306406438
equivalence:0.00159231338555
nite:0.00158534034787
fh:0.0015802764476
abstracting:0.0015443579324
tokyo:0.00153633389311
makoto:0.00153633389311
deferred:0.00153297967353
gabbay:0.00149725939075
lemma:0.00147303804631
syntax:0.0014729203758
renames:0.00146276807399
sigplan:0.00144767766535
ranged:0.00144144303854
clos:0.00143189200402
enriching:0.00143189200402
language:0.0014295662559
treatment:0.00142356325477
denitions:0.00140587199685
signicantly:0.00140587199685
atsushi:0.00140394078943
bg:0.00139738276667
closure:0.00138966717462
eect:0.00134186057416
abadi:0.00133311545708
axioms:0.00132711451194
countably:0.00131282290644
hypothesis:0.00130479291592
environments:0.00129593256939
freely:0.00128540700487
outer:0.00128364503241
rened:0.00127596917568
rene:0.00125912041002
preprint:0.00124317113606
isomorphic:0.00122887718106
rule:0.0012274956524
macros:0.00119986200662
contracted:0.00119986200662
unwanted:0.00118671054828
developing:0.00118296352966
free:0.00118193345735
mechanisms:0.00117522159079
assignment:0.00116903679185
advocated:0.0011503847251
elsevier:0.00113918590284
noticed:0.00113215394039
ordinary:0.00112689701867
binds:0.00111795823864
composition:0.00110055071232
inconsistent:0.00109904243356
bindings:0.00109811747722
subtle:0.00108996264876
innite:0.00108866163815
polymorphic:0.00107948999271
capturing:0.00107663613945
triple:0.00106793880107
delicate:0.00106193283776
naive:0.00105938471931
brie:0.00105351763173
declaritive:0.00105196651307
shinn:0.00105196651307
stoyle:0.00105196651307
bunkyo:0.00105196651307
minamide:0.00105196651307
wng:0.00105196651307
brg:0.00105196651307
kulick:0.00105196651307
yasuhiko:0.00105196651307
predetermine:0.00105196651307
vestergaad:0.00105196651307
kahrs:0.00105196651307
dowek:0.00105196651307
ndom:0.00105196651307
remy:0.00105196651307
pientka:0.00105196651307
intg:0.00105196651307
liation:0.00105196651307
java:0.00103453219673
captured:0.00102975377909
substituting:0.00102637116811
constructors:0.00100735204377
article:0.000995547418979
unification:0.000993377683405
filling:0.000980004607097
style:0.000974041254146
syntactic:0.000969855659398
convention:0.000955703806202
site:0.000952222454594
rebinding:0.000950995528378
masahiko:0.000950995528378
yuse:0.000950995528378
wansbrough:0.000950995528378
macroml:0.000950995528378
myampersandlgr:0.000950995528378
herbelin:0.000950995528378
keays:0.000950995528378
mingle:0.000950995528378
substitu:0.000950995528378
redene:0.000950995528378
yosihiro:0.000950995528378
andry:0.000950995528378
rakotonirainy:0.000950995528378
fig:0.000948909695581
regarded:0.000945325405549
fv:0.000943010946291
labeled:0.000935097674802
derivations:0.000931588511112
open:0.000928704980397
preserves:0.000896165452709
remote:0.000896165452709
stitution:0.000891887399601
sabry:0.000891887399601
combinatory:0.000891887399601
ohori:0.000891887399601
discharges:0.000891887399601
pitts:0.000891887399601
ganz:0.000891887399601
curien:0.000891887399601
tait:0.000891887399601
gentzen:0.000891887399601
marshalling:0.000891887399601
internalizes:0.000891887399601
inner:0.000886633250524
contract:0.000880690823503
hole lling:0.0265202069869
rst class:0.0187323612882
interface variables:0.0168819479086
lambda calculus:0.0163993976655
class contexts:0.0161427346877
bound variables:0.0155823470489
context calculus:0.0126835772546
type system:0.0113337329528
hole x:0.0094690765391
reduction system:0.00922441982153
variable candidates:0.00922441982153
variable renamer:0.00922441982153
term m:0.00869529377978
lambda terms:0.00841695692364
type assignment:0.00695623502382
context application:0.00695139031531
hole type:0.00691831486615
ll reduction:0.00691831486615
hole abstracted:0.00691831486615
free holes:0.00691831486615
fx 0:0.00631271769273
free variables:0.00596694039092
m 2:0.00592418437631
hole abstraction:0.00576526238846
ll redex:0.00576526238846
labeled holes:0.00576526238846
bound variable:0.00553573774194
church rosser:0.00551162987264
term obtained:0.0053521032252
explicit substitutions:0.00526059807728
exported variables:0.00526059807728
m 1:0.00524519230896
subject reduction:0.00510025468552
open terms:0.00496527879665
m 0:0.00471384496737
x m:0.00462524722382
rule lred:0.00461220991077
interface variable:0.00461220991077
case lred:0.00461220991077
open term:0.00461220991077
fa xg:0.00461220991077
ordinary lambda:0.00461220991077
abstracted term:0.00461220991077
corresponding interface:0.00461220991077
calculus structure:0.00461220991077
class treatment:0.00461220991077
reduction property:0.00459302489387
well typed:0.00434141095951
typed term:0.00420847846182
module systems:0.00420847846182
term constructor:0.00420847846182
binding structures:0.00420847846182
free variable:0.00401768098921
typed calculus:0.00380453574211
programming language:0.00367829528407
parallel reduction:0.00367441991509
de bruijn:0.0035680688168
cannot rename:0.00345915743307
app ll:0.00345915743307
variable capturing:0.00345915743307
bound holes:0.00345915743307
bruijn notation:0.00345915743307
free hole:0.00345915743307
variable renamers:0.00345915743307
fh m:0.00345915743307
typed context:0.00345915743307
reduction relation:0.00333139000646
type theoretical:0.00315635884637
explicit substitution:0.00315635884637
inconsistent system:0.00315635884637
variable convention:0.00315635884637
hypothesis therefore:0.00315635884637
rename bound:0.00315635884637
term x:0.00311646940977
meta level:0.00303273826392
con uent:0.00297916727799
ml style:0.00297916727799
m m:0.00283821041263
sequent calculus:0.00275581493632
class values:0.0026760516126
term containing:0.0026760516126
variable renaming:0.0026760516126
advanced features:0.0026760516126
dynamic binding:0.00255012734276
modula 2:0.00255012734276
remote site:0.00249854250484
induction hypothesis:0.00248380564705
first class:0.00247136841371
write m:0.00241060859352
x z:0.00239509345135
typing derivation:0.00230610495538
term like:0.00230610495538
rst class contexts:0.0145470908153
set of interface:0.00631363657449
x in m:0.00631363657449
language with rst:0.0060612878397
hole type assignment:0.0060612878397
subject reduction property:0.00526136381208
m m 0:0.0051772010944
