coopnet:0.0381371775499
peers:0.0278723746543
peer:0.0275964276039
streaming:0.0222938507933
server:0.0159468273334
clients:0.014112522372
mdc:0.0136812118385
content:0.0113296669168
ash:0.0112911660209
crowd:0.00987708868288
departures:0.00888684409268
client:0.00879221090803
descriptions:0.00877246749677
hosts:0.00777317079227
repair:0.00748296516468
bandwidth:0.00642722172586
live:0.00637760831872
snr:0.00547135524443
msnbc:0.00544816822142
gof:0.00544816822142
media:0.00529241086429
host:0.00526230978076
departing:0.00460283173055
mth:0.00440552345099
trees:0.00428425828599
tree:0.00427517729558
coding:0.00419881746011
kbps:0.00411989694007
video:0.00411082066684
stream:0.00409455136098
multicast:0.00400760536864
overlay:0.00362279160008
parent:0.00359727275505
distortion:0.00338365013899
napster:0.00328349084124
gnutella:0.00328349084124
redirects:0.00328349084124
packet:0.00309379499676
demand:0.00308290328973
node:0.00305064819032
probabililty:0.00302676012301
departure:0.00298470118724
receive:0.00293070075683
multimedia:0.00278022825435
audio:0.00268040372147
arrivals:0.00266440676033
networking:0.00266363674067
received:0.00265492737186
layered:0.00258837921065
redirection:0.00256617409565
nearby:0.00247847953804
ip:0.00246814073585
load:0.0024059123296
distribution:0.00230403109485
centralized:0.00223063158424
cdn:0.00218899389416
infrastructure:0.00209072274949
overwhelmed:0.00205994847003
baochun:0.00205293927652
cooperation:0.00204772154079
participate:0.00203649437304
child:0.00200916652118
nding:0.00198278363043
pm:0.00196075012806
bgp:0.00188135022531
parallelism:0.00185764566683
children:0.0018534855029
cient:0.00184542053104
hilton:0.00183563477124
hour:0.00182216111408
dhts:0.00181605607381
pastry:0.00181605607381
cdns:0.00181605607381
hefeeda:0.00181605607381
sigcomm:0.00178845085559
streams:0.0017516906447
traces:0.00173833478717
nodes:0.0017257291197
bps:0.00172318983976
quality:0.00169644359457
diversity:0.00165895102342
singapore:0.00165496646937
gmt:0.00164174542062
tapestry:0.00164174542062
management:0.00163271027572
failure:0.00161577390749
cooperating:0.00160831707753
minutes:0.00160003107258
contacts:0.00158640041815
distributing:0.00155302752639
disruptions:0.00153970445739
crowds:0.00153970445739
duration:0.00152769538619
dierent:0.00151623807057
disruption:0.00151092262821
cooperative:0.00151090504508
bars:0.00151090504508
packets:0.00150074821323
protocol:0.00147976898046
proximate:0.00141101266898
joins:0.00140985422458
root:0.00139534935499
db:0.00139140673262
mbps:0.00138091638076
maggs:0.00136502813688
ny:0.00134179886778
signicant:0.00134020186074
centralization:0.00132612039609
distribute:0.00132593736206
degree:0.00132334672124
addresses:0.00132173099161
designated:0.00130299143834
le:0.00129739342796
ciency:0.00124576170445
requests:0.00124484596268
su:0.00123727743078
chord:0.00123596908202
tra:0.0012221742524
join:0.00121924163308
unconditional:0.00121248922547
ancestors:0.00121248922547
rateless:0.0012107040492
kyoungwon:0.0012107040492
mubashar:0.0012107040492
sripanidkulchai:0.0012107040492
kunwadee:0.0012107040492
gofs:0.0012107040492
bbnplanet:0.0012107040492
vtrails:0.0012107040492
spreadit:0.0012107040492
zongpeng:0.0012107040492
akamai:0.0012107040492
mushtaq:0.0012107040492
allcast:0.0012107040492
resourceful:0.0012107040492
probability:0.00120744284796
network:0.00118735715002
descendants:0.00118493024189
internet:0.00117842549366
rst:0.00117435851975
storage:0.00116307431454
scalable:0.00115443249816
cumulative:0.00115096657868
rm:0.00112042864461
bution:0.00111679487092
experiencing:0.00111679487092
robustness:0.00111209130174
parents:0.00110596734895
failures:0.00110394803752
scattercast:0.00109449694708
toufik:0.00109449694708
sf:0.00108683748002
prex:0.00108683748002
spare:0.00108683748002
capacity:0.00108623552476
feasibility:0.00107196300945
eectiveness:0.00106000026089
messaging:0.00106000026089
session:0.00105848217286
li:0.00103707244249
telecommunications:0.00103535168426
klara:0.00102646963826
scriptions:0.00102646963826
download:0.001024335315
aware:0.00102345454129
contributed:0.00101824718652
aected:0.00101345854249
mohamed:0.00101345854249
dedicated:0.00100796313612
quick:0.00100727003005
lifetimes:0.00100301814816
distri:0.00100301814816
networks:0.000999217436336
fraction:0.000987896747508
experiment:0.000980186504653
nahrstedt:0.000978168088657
sdc:0.000978168088657
bolton:0.000978168088657
quantizers:0.000978168088657
tunes:0.000978168088657
participation:0.000973991562492
downloaded:0.000964990246518
active:0.000962767520218
workshop:0.00096257233824
leaves:0.000953226256439
diverse:0.000952087892212
sends:0.000949536466765
degradation:0.000947648794105
ceived:0.000940675112656
decodable:0.000940675112656
lakshminarayanan:0.000940675112656
cooperate:0.000939702241335
url:0.000924099477204
ash crowd:0.0132696148969
descriptions received:0.0132696148969
distribution trees:0.0125877689669
multiple description:0.00930400314942
tree management:0.00908104079783
live streaming:0.00862524968301
streaming media:0.00821244480035
media content:0.00796176893816
distributed streaming:0.00796176893816
distribution tree:0.0076621202407
description coding:0.00726483263826
departing node:0.00597132670362
node arrivals:0.00597132670362
content distribution:0.00547294302907
tree experiment:0.00530784595878
repair time:0.00528576736383
ip addresses:0.00527153898497
september 11:0.00513277800022
new node:0.00511139281215
random tree:0.00484322175884
demand streaming:0.00464436521393
m descriptions:0.00464436521393
coopnet clients:0.00464436521393
infrastructure based:0.00464436521393
average bandwidth:0.0046195002002
media streaming:0.00457133313616
load aware:0.00398088446908
designated parent:0.00398088446908
live stream:0.00398088446908
root degree:0.00398088446908
streaming proceedings:0.00383106012035
management algorithm:0.00350236617474
multimedia streaming:0.00342849985212
individual peers:0.00331740372423
client cooperation:0.00331740372423
expected distortion:0.00331740372423
repair interval:0.00331740372423
active peers:0.00331740372423
distribution bars:0.00331740372423
cooperative networking:0.00331740372423
server framework:0.00331740372423
peer content:0.00331740372423
probabililty distribution:0.00331740372423
coopnet peers:0.00331740372423
db line:0.00331740372423
aware algorithm:0.00302701359928
layered coding:0.00302701359928
peer multimedia:0.0028570832101
server would:0.0028570832101
m packets:0.00273647151454
p m:0.00272832922231
client server:0.00271713438469
mdc system:0.00265392297939
streaming content:0.00265392297939
nearby peers:0.00265392297939
server redirects:0.00265392297939
mth description:0.00265392297939
client departures:0.00265392297939
tree diversity:0.00265392297939
streaming case:0.00265392297939
clients receive:0.00265392297939
mdc based:0.00265392297939
demand content:0.00265392297939
node departures:0.00265392297939
single host:0.00264288368192
host fails:0.00242161087942
stable nodes:0.00242161087942
host n:0.00242161087942
traditional client:0.00242161087942
packet loss:0.00237979990707
bandwidth requirement:0.00235188472392
streaming november:0.00228566656808
level multicast:0.00228566656808
baochun li:0.00228566656808
hilton singapore:0.00227523741879
video june:0.00218917721163
using traces:0.00218917721163
network bandwidth:0.00217385699463
per second:0.00213898405609
new parent:0.00211430694553
acm sigcomm:0.0020817515774
bandwidth usage:0.00205311120009
cumulative distribution:0.00200114039574
single description:0.00199044223454
based cdns:0.00199044223454
based content:0.00199044223454
peer media:0.00199044223454
received vs:0.00199044223454
experiment snr:0.00199044223454
requesting client:0.00199044223454
distributing streaming:0.00199044223454
cooperating peers:0.00199044223454
bgp prex:0.00199044223454
node joins:0.00199044223454
large ash:0.00199044223454
experiment probability:0.00199044223454
one peer:0.00199044223454
