stencil:0.0530499558094
cshift:0.0267208891217
stencils:0.0240712380713
intraprocessor:0.0150975849477
movement:0.0149201045432
shift:0.0133948352371
hpf:0.0114788097166
array:0.0113303941694
unioning:0.0100423015621
offset:0.0096282082394
compiler:0.00940286373155
overlap:0.00924792069424
subgrid:0.00899528978496
arrays:0.00870144231707
scalarization:0.00849552624219
interprocessor:0.00846938786116
compilation:0.00794636317921
rsd:0.00779359266049
xlhpf:0.00704553964224
shifts:0.00676718121241
src:0.00676412906097
intrinsics:0.00605535156071
cshifts:0.00556685190035
fortran:0.00541438368048
nest:0.00536902245339
statements:0.0053608971711
dst:0.00475396574767
cm:0.00465711602367
optimizations:0.00464352894896
compilers:0.00427342131154
temporary:0.00417549080365
optimizing:0.00385330028927
loop:0.00377220643342
pe:0.00367976590809
congruent:0.00358275288442
statement:0.00353190145274
dimension:0.00349207949632
redundant:0.00343900653965
jam:0.00325202110378
purdue:0.00324927437639
ibm:0.00309624810131
compiling:0.00304948930955
rin:0.00301951698953
fusion:0.0028725768002
rip:0.00283184208073
transformations:0.0027665223579
shifted:0.00273694640277
dependences:0.00263958435813
subgrids:0.00259515066887
communication:0.00257926359299
unroll:0.0025689092724
annotations:0.00252649870306
intrinsic:0.00250529448219
locality:0.00250291984906
partitioning:0.00247133701971
loops:0.00243889481264
mimd:0.00224783688929
dim:0.00224783688929
optimize:0.00223809543287
rsds:0.00222674076014
polyshift:0.00222674076014
haupt:0.00222674076014
syntax:0.00218245377352
calls:0.00216286411606
optimizes:0.00213230347907
strategy:0.00203697237059
npac:0.00201301132636
hitoshi:0.00201301132636
scalarizing:0.00201301132636
eliminate:0.00200161703884
destination:0.00179236626586
simd:0.00175881525786
memory:0.00174629827328
orchestrating:0.00173010044592
congruence:0.00172831112983
computations:0.00172463211952
optimized:0.00166357759939
supercompilers:0.00162601055189
hoisted:0.00162601055189
assignment:0.00154659264469
mpi:0.00152558086568
recognizers:0.001515472332
beats:0.001515472332
fused:0.00148588958955
optimization:0.00147903321887
cfd:0.00143398259025
subsume:0.00143398259025
eliminated:0.00143054663964
sp:0.00142817301095
speedup:0.00141556249145
neighboring:0.00137880598642
enddo:0.00136934794892
references:0.001335575452
handles:0.0013243938632
programmer:0.00131963191538
dependence:0.00131917359576
supercomputing:0.00130086913306
kandemir:0.00129970975055
areas:0.00129364281921
rome:0.0012844546362
spmd:0.00126989861536
companies:0.00126989861536
squared:0.00126423274822
subscript:0.00123573202885
ms:0.00121398569896
normalization:0.00120868494803
kennedy:0.00120568081385
profitable:0.00120568081385
eliminates:0.00119267462071
machines:0.00119215650856
benchmarking:0.00116221520152
specifications:0.00115312008434
exploiting:0.00111369764892
sakagami:0.00111337038007
eoshift:0.00111337038007
tflops:0.00111337038007
yokokawa:0.00111337038007
fusible:0.00111337038007
trinsics:0.00111337038007
lezama:0.00111337038007
mitsuo:0.00111337038007
zhengqian:0.00111337038007
tancau:0.00111337038007
murai:0.00111337038007
bozkus:0.00111337038007
intraproceesor:0.00111337038007
baiming:0.00111337038007
shielding:0.00111337038007
jichang:0.00111337038007
pghpfmyampersandmdash:0.00111337038007
styl:0.00111337038007
yoshiki:0.00111337038007
multicomputers:0.00110634322621
code:0.00108980489382
supercomputers:0.00108164036311
optimizer:0.00107380449068
defense:0.00107380449068
government:0.00104420886526
handling:0.00103651660402
specification:0.00103314065103
exceeded:0.00103035260079
elsewhere:0.00101892907701
scalar:0.00101757109272
agency:0.00101705391045
annotation:0.00101705391045
mullin:0.00100650566318
seshia:0.00100650566318
swath:0.00100650566318
kinley:0.00100650566318
gilad:0.00100650566318
orchestrates:0.00100650566318
lenore:0.00100650566318
reuse:0.000989723936535
massively:0.000980081488738
constructs:0.000972403737511
commutative:0.000963024182925
superset:0.000963024182925
pghpf:0.000943947360243
liviu:0.000943947360243
armando:0.000943947360243
gigaflops:0.000943947360243
sanjit:0.000943947360243
ledovskikh:0.000943947360243
rearranges:0.000943947360243
scalarized:0.000943947360243
lastovetsky:0.000943947360243
materializations:0.000943947360243
saraswat:0.000943947360243
rosenkrantz:0.000943947360243
posypkin:0.000943947360243
bodik:0.000943947360243
kalinov:0.000943947360243
groups:0.00094122564209
equally:0.000917352559175
produced:0.000902559164972
ddg:0.000899528978496
maspar:0.000899528978496
intricacies:0.000899528978496
deitz:0.000899528978496
ripe:0.000899528978496
wonnacott:0.000899528978496
optimistic:0.000897686397311
execution:0.000897562772374
copied:0.000875545480425
instantiated:0.000871282659871
accomplished:0.000870661677929
kernels:0.000867071614378
criteria:0.000865245526574
materiel:0.000865050222958
usaf:0.000865050222958
data movement:0.028488176181
overlap shift:0.0207462416454
point stencil:0.017008925494
stencil computations:0.0150999105153
communication unioning:0.0146444058673
intraprocessor data:0.0146444058673
stencil computation:0.0136633887231
offset array:0.0134240387117
offset arrays:0.0134240387117
context partitioning:0.0134240387117
problem 9:0.0127566941205
interprocessor data:0.0126123588214
stencil compilation:0.0122036715561
single statement:0.0119637973859
compilation strategy:0.0116667926232
statement stencils:0.0109833044005
overlap shifts:0.00976293724488
stencil compiler:0.00976293724488
shift operations:0.0094409276187
distributed memory:0.00856437813691
xlhpf compiler:0.00854257008927
array syntax:0.00779479315227
movement associated:0.00732220293366
array optimization:0.00732220293366
source array:0.00732220293366
communication operations:0.00719734030483
loop nest:0.0070011202888
temporary arrays:0.0068056290302
overlap areas:0.00668125127338
shift amount:0.00668125127338
cshift operations:0.00610183577805
cshift intrinsic:0.00610183577805
cm 2:0.0057722130777
destination array:0.00556770939448
array statements:0.00552175263964
multi statement:0.00488146862244
array dst:0.00488146862244
subgrid loops:0.00488146862244
array src:0.00488146862244
shift intrinsics:0.00488146862244
unioning optimization:0.00488146862244
data locality:0.0046349354683
code produced:0.00449833769052
partitioning optimization:0.00445416751558
two calls:0.00440734379512
loop fusion:0.00412300934122
shift operation:0.00402664280407
execution time:0.00402318532089
performance fortran:0.00391527583709
hpf compiler:0.0038889308744
array assignment:0.0038889308744
loop level:0.0038290504599
redundant communication:0.00377637104748
memory machines:0.00370910587004
eliminate redundant:0.00368116842642
multi offset:0.00366110146683
general compilation:0.00366110146683
purpose compilers:0.00366110146683
stencil specifications:0.00366110146683
ms subgrid:0.00366110146683
subgrid size:0.00366110146683
stencils written:0.00366110146683
largest shift:0.00366110146683
cshift intrinsics:0.00366110146683
congruent array:0.00366110146683
eliminate intraprocessor:0.00366110146683
size squared:0.00366110146683
level transformations:0.0035258750361
data elements:0.00344863163603
purdue set:0.00334062563669
array constructs:0.00334062563669
overlap area:0.00334062563669
memory optimizations:0.00334062563669
compiling stencils:0.00334062563669
dependence graph:0.0033320530875
congruence classes:0.00315308970534
assignment statement:0.00313222066967
partially redundant:0.00301998210306
written using:0.00300112491161
connection machine:0.00291817526087
high performance:0.00286971025507
intermediate form:0.00283227828561
using array:0.00283227828561
performance numbers:0.00276087631982
time ms:0.00276087631982
redundant data:0.00276087631982
communication operation:0.00276087631982
extended example:0.00269900261431
processor data:0.00269900261431
static single:0.00259555041482
sp 2:0.00255133882411
fortran compiler:0.00255133882411
