hpf:0.0548409600956
zpl:0.0472317645716
apr:0.026818293551
compiler:0.0169708948461
forall:0.0167652128497
compilers:0.0160191963126
pgi:0.0130616373053
mpi:0.0123906002846
ep:0.0120259561607
directives:0.0118550363338
portability:0.00957597436158
nas:0.00914016001593
mg:0.00895172792434
ibm:0.00754421613466
fortran:0.00702378947585
ft:0.00695251260012
benchmarks:0.00622968745488
subroutine:0.00618095220055
dependences:0.00595511509288
loop:0.00578707322206
parallelize:0.00569269612816
benchmark:0.00556314164375
loops:0.00550234330036
arrays:0.00506610459457
parallelized:0.00492345035839
portable:0.00441998520884
parallelization:0.00403469501401
array:0.00383434239099
speedup:0.00383234770965
fft:0.00355906949179
secs:0.00332954627528
strided:0.00286008798699
scalar:0.00275486689578
language:0.00273077951647
recv:0.0026818293551
platforms:0.00263766827681
dependence:0.00257934037629
directive:0.00240519123214
compiling:0.00235882069932
optimizations:0.00235713951694
vectorizing:0.00234194764322
bcast:0.00234194764322
adhere:0.00229199491578
subroutines:0.00221114284447
communication:0.00206159798983
chamberlain:0.00205141664732
bradford:0.00205141664732
snyder:0.0019747874003
syntax:0.00196951665761
programs:0.00195676371815
calls:0.00195183831906
scalable:0.00191608518319
implementations:0.00188426439135
sequential:0.00186815327432
barrier:0.00186699782478
multigrid:0.00184752513701
suite:0.00183229290674
replicated:0.00182589973207
weathersby:0.00181660632968
fftpde:0.00181660632968
allreduce:0.00181660632968
irecv:0.00181660632968
vendors:0.00180389342411
deviates:0.00175934998131
lawrence:0.00172820395309
transpose:0.00167183025697
languages:0.00165640440263
versions:0.00160770880365
parallelizable:0.00160165580597
capability:0.00158203195404
derrick:0.00156129842882
intrinsics:0.00156129842882
xlf:0.00156129842882
eun:0.00146736435211
collective:0.00143307163089
constitutes:0.00137107130884
correction:0.00135999544887
restructuring:0.00135942588992
calvin:0.00131652493354
constructs:0.00131629273127
indication:0.00131232069095
overhead:0.00130966778459
foremost:0.00129407212766
successful:0.00128816738926
dimension:0.00126054605529
default:0.00123346237033
nonblocking:0.00121868800212
scales:0.00121706676974
differences:0.00121486687534
batch:0.00120900142307
parallelizing:0.00120900142307
dot:0.00120293131583
batches:0.00120259561607
correlate:0.00118736234148
parallelism:0.00118586649668
predictable:0.00117941034966
send:0.00114476360381
intrinsic:0.00113042926149
challenge:0.00112543809006
sung:0.00110984875843
count:0.00110778871248
processors:0.00110426960175
distribute:0.00110037136746
vienna:0.00109874132466
stencil:0.00108804524313
fourier:0.00107208165065
alias:0.00103978912819
redistribution:0.00102252452692
mimd:0.00101426024477
across:0.00100894649532
lewis:0.00100622281657
scriptive:0.00100474133117
middlecoff:0.00100474133117
klepacki:0.00100474133117
wijngaart:0.00100474133117
hmg:0.00100474133117
resid:0.00100474133117
spotchecks:0.00100474133117
cfftz:0.00100474133117
psinv:0.00100474133117
transcriptive:0.00100474133117
kapf:0.00100474133117
govett:0.00100474133117
intended:0.00100177695608
platform:0.000980420538081
difficulty:0.000972854160892
seed:0.000962129707409
success:0.000951797541624
considerable:0.000936394285258
fortunately:0.000929751452146
passing:0.000926202693655
choi:0.000923762568504
grid:0.000912341902642
incompatible:0.000911997558245
embar:0.000908303164839
embarrassingly:0.000908303164839
conversative:0.000908303164839
objectivity:0.000908303164839
unhindered:0.000908303164839
annuli:0.000908303164839
xlhpf:0.000908303164839
preallocation:0.000908303164839
recoded:0.000908303164839
expressly:0.000908303164839
alltoall:0.000908303164839
partition:0.000906310969845
innermost:0.000906283926613
recognize:0.000906170948402
processor:0.000903988278326
express:0.000896089626755
programmer:0.000893158793596
owner:0.000879238650663
principal:0.000874222212405
statistics:0.000871864192659
metric:0.000860647610023
lin:0.000858939592421
rely:0.000852330629254
scalarized:0.000851848535102
xhpf:0.000851848535102
pghpf:0.000851848535102
christopher:0.000849683482979
concise:0.000845024871536
contract:0.000841154598904
washington:0.000838246237184
published:0.000826765015925
pseudo:0.000812742280062
isend:0.00081176395516
compil:0.00081176395516
detailing:0.00081176395516
delineation:0.00081176395516
deitz:0.00081176395516
availabil:0.00081176395516
supplementing:0.00081176395516
congruential:0.00081176395516
adjusting:0.000806000948715
unpredictable:0.000806000948715
notable:0.000806000948715
limitation:0.000804495707575
conservative:0.000804495707575
hpf compilers:0.0180209113601
apr compiler:0.0132153854449
loop version:0.0132153854449
forall version:0.0132153854449
data parallel:0.0120276278254
scalar performance:0.0100488099497
ibm compiler:0.00770897484286
performance model:0.00768512400952
hpf directives:0.00663928313268
hpf f90:0.00660769272245
parallel language:0.00587027329076
hpf programs:0.0058134215308
pgi compilers:0.00550641060204
mg class:0.00550641060204
pgi compiler:0.00550641060204
d fft:0.00526416581247
hpf compiler:0.00526416581247
time secs:0.00487126076512
parallel languages:0.00446481678785
ft class:0.00440512848163
zpl compiler:0.00440512848163
zpl version:0.00440512848163
ep class:0.00440512848163
ep mg:0.00440512848163
scalable performance:0.00438680484373
mpi calls:0.00379387607582
d distribution:0.00363371769309
performance fortran:0.0035332180615
ibm sp2:0.00341950300655
loop bounds:0.00338533898495
compiler may:0.00332195516046
processor grid:0.00332195516046
three nas:0.00330384636122
size class:0.00330384636122
apr f90:0.00330384636122
forall programs:0.00330384636122
recv barrier:0.00330384636122
program portability:0.00330384636122
portability problem:0.00330384636122
ibm f90:0.00330384636122
strided region:0.00330384636122
compilers achieve:0.00330384636122
hpf reduction:0.00330384636122
processors time:0.0031818155038
compiler optimizations:0.00304714351379
portable performance:0.0030146429849
array syntax:0.0030146429849
gaussian deviates:0.0030146429849
compiling high:0.0030146429849
must adhere:0.0030146429849
data dependences:0.00296881847615
data distribution:0.00295050951672
language specification:0.00286048555274
applied parallel:0.00284540705686
d processor:0.00284540705686
send recv:0.00284540705686
language developed:0.00284540705686
parallel programming:0.00278071930359
specific compiler:0.00272528826981
nas benchmarks:0.00272528826981
parallel research:0.00272528826981
l chamberlain:0.00263208290624
nas parallel:0.00263208290624
bradford l:0.00263208290624
version requires:0.00263208290624
array references:0.00258850401961
lawrence snyder:0.00255590083822
third dimension:0.00243563038256
portable across:0.00243563038256
different platforms:0.00243563038256
robust performance:0.00238636162785
output dependence:0.00234227318502
value x:0.00227961342374
subroutine calls:0.00223240839393
correlate directly:0.00220256424082
benchmarks written:0.00220256424082
approaches mpi:0.00220256424082
apr suite:0.00220256424082
trivially parallelized:0.00220256424082
zpl programs:0.00220256424082
foremost criteria:0.00220256424082
portable hpf:0.00220256424082
reduction intrinsic:0.00220256424082
factor join:0.00220256424082
replicated variables:0.00220256424082
ft benchmark:0.00220256424082
commercial hpf:0.00220256424082
barrier ibm:0.00220256424082
mod operation:0.00220256424082
fft along:0.00220256424082
concise performance:0.00220256424082
programs achieve:0.00220256424082
hpf implementations:0.00220256424082
hpf f90 forall:0.00694692853475
hpf do loop:0.0057891071123
data parallel languages:0.00466968211805
mpi and zpl:0.00463128568984
ibm and pgi:0.00463128568984
processors time secs:0.00463128568984
data parallel language:0.00454277858405
high performance fortran:0.00381699081652
program that scales:0.00347346426738
parallel language developed:0.00347346426738
