obdd:0.058308991951
horn:0.0263668015788
unate:0.0244587232869
succ:0.0228339272007
obdds:0.021345244895
imp:0.0156331916088
cnf:0.0153682811643
horness:0.0134913478279
polarity:0.0126758678154
unateness:0.0101636722722
xn:0.00673010798554
jf:0.00628422238878
characteristic:0.00617924551435
boolean:0.00579638399428
yes:0.00562230721704
fooling:0.00545005442368
checked:0.00526255182391
abduction:0.00524115499005
jmin:0.00508183613609
pol:0.00400045355102
resp:0.00365688220399
ipping:0.00363336961578
deduction:0.00346108331099
diagrams:0.00342404763965
dened:0.0033169386886
bit:0.00306882079513
node:0.00289876123966
checking:0.00286097137036
polarities:0.00285958796737
representations:0.00273927500999
lemma:0.00264767811258
halt:0.00261842599532
bitwise:0.00259407899
bases:0.00258110048408
clauses:0.00256513397498
xm:0.00250963647786
literals:0.00250418671911
rst:0.00249263531534
ordering:0.00231802974558
jaa:0.00224855797132
representing:0.00213480087827
dierent:0.00211200408694
clause:0.00199088371055
cnfs:0.00181668480789
incomparable:0.00180892803099
var:0.00176824783963
fig:0.00173852230918
ng:0.00172919235326
label:0.00172395347013
assignment:0.00171792047374
check:0.00168971104195
coordinate:0.00167444830761
nodes:0.00163524432249
jgj:0.00160018142041
ciently:0.00156612122414
assignments:0.00156329229563
satises:0.00156067171935
decision:0.0015300325921
triple:0.00152179895096
negating:0.00150044807231
ordered:0.00149476864338
exponentially:0.00149022082691
edge:0.00144559281546
satisfying:0.00133925180684
balanced:0.00130894815196
partition:0.00130389173189
root:0.00129574354566
verication:0.00124189141787
quasi:0.0012258801156
denition:0.0012258801156
binary:0.00120815114827
restriction:0.001187602461
roles:0.0011745909181
recursively:0.00115792577114
componentwise:0.001153694437
compactly:0.00114417791154
horiyama:0.00112427898566
dominatingly:0.00112427898566
madre:0.00112427898566
pdierent:0.00112427898566
th:0.00112385909691
char:0.00110034501933
fx:0.00109282231187
coordinates:0.00105810231202
triples:0.00102701882435
boros:0.00101636722722
endre:0.00101636722722
bds:0.00101636722722
ipped:0.00101636722722
negative:0.000982588896108
phenomenon:0.000971332592528
njf:0.000953195989123
enumerate:0.000940425825358
cient:0.000934738243251
knowledge:0.000932678824984
exchanging:0.000920622166198
bottom:0.000915607203406
manipulation:0.000912543683101
toshihide:0.000908342403946
transversals:0.000908342403946
encounter:0.0009018937521
array:0.000893859950206
coudert:0.000873525831674
ibaraki:0.000873525831674
theories:0.000863110688024
dense:0.000850325565114
base:0.000830032050633
xed:0.000828176618048
recognizing:0.000824498443677
recognition:0.000822693157143
jhj:0.000820970957498
pulses:0.000820970957498
rutgers:0.000820970957498
dene:0.000796353484218
stores:0.000793576734017
iterate:0.000792984501065
subsection:0.00078074784197
edges:0.000774591125084
implicants:0.000765160330611
aided:0.000763984879925
culture:0.000750224036157
takashi:0.000736578296795
negativity:0.000736578296795
hypergraph:0.000724016248719
blood:0.000724016248719
articial:0.000724016248719
gj:0.000724016248719
mutually:0.000722954542214
outgoing:0.000717442337252
assigned:0.000715067091144
scientic:0.000712377093393
sports:0.000712377093393
en:0.000706651977016
acyclic:0.000698754471646
envelopes:0.000691382288672
logic:0.000690662722652
restricting:0.000678452328457
expanded:0.000675987555599
disease:0.000672836349738
shannon:0.000664313533979
learnable:0.000664313533979
negations:0.000664313533979
testing:0.000657257278225
manner:0.0006566182095
fag:0.00065622203813
says:0.000654474075978
transistor:0.0006485197475
fundamental:0.000645535971938
nd:0.000645275121021
appearances:0.000641170428423
bdds:0.000641170428423
smallest:0.000624285295821
halves:0.000620945708934
bdd:0.000602976010331
labeled:0.000599625930443
positivity:0.000597403500462
polynomial:0.000588429136667
diagram:0.000580263029327
convenience:0.000578325853885
ministry:0.000572088955768
professor:0.000542162718349
redundant:0.000534261740925
satised:0.000530831371723
dummy:0.000527219919295
checks:0.000523900224139
conjunctive:0.000523685199065
eld:0.000523685199065
minimal:0.000521660784395
realizing:0.000520223906449
diagnosis:0.000516832945598
empirical:0.000508788560109
translation:0.000507139797137
temperature:0.000507053876515
education:0.000503916891362
consistency:0.000503859786097
lemmas:0.000503859786097
minimization:0.000503859786097
sizes:0.000503757375076
half:0.000503652983861
denitions:0.000500837343823
mg:0.000500837343823
requirement:0.000499428236657
np:0.000494156075246
reasoning:0.000494156075246
sink:0.00049192240214
subgraphs:0.000489052238924
specied:0.000478033481889
propositional:0.000475386676519
succ v:0.021364623375
characteristic set:0.0202401695132
obdd representing:0.0157423540658
imp u:0.0147879114778
succ 0:0.0147879114778
j xn:0.014617900204
boolean function:0.0136799374595
bit imp:0.0123232595648
given obdd:0.0123232595648
variable ordering:0.0122312638618
f v:0.011740188984
level v:0.0116746223901
representing f:0.0111517244164
requires size:0.0110909336083
n variables:0.0102603225503
algorithm check:0.0101200847566
o jf:0.0101200847566
node v:0.00993388243035
horn function:0.00985860765185
f j:0.00965670574757
u v:0.00875590267086
f d:0.00872758140148
m 1:0.00784812613109
binary decision:0.00771806728444
xn 0:0.00742930515733
horn v:0.00739395573889
constant node:0.00739395573889
ordered binary:0.0073898879002
j x:0.00735734873237
e n:0.00714461922866
bit g:0.00674672317106
decision diagrams:0.00657257707418
step 2:0.00645908075328
level u:0.00636797584914
f bit:0.00636797584914
th coordinate:0.00635938584564
knowledge bases:0.00618651624469
jf j:0.00618651624469
step 3:0.00617471533607
check horn:0.00616162978241
polarity p:0.00616162978241
check unate:0.00616162978241
fooling set:0.00609915190949
xn 1:0.00591632509331
l h:0.00589354294403
variable node:0.00589055978456
v w:0.00567553465632
f holds:0.00567217344375
three representations:0.00562226930922
obdd represents:0.00562226930922
function f:0.00516433128223
o n:0.00514486484631
exponentially smaller:0.00508262659124
whether f:0.00507113579426
root node:0.0049939369126
r h:0.00494880868571
cnf based:0.00492930382592
obdds representing:0.00492930382592
jmin e:0.00492930382592
knowledge base:0.00462223544075
horn theory:0.00449781544737
minimal models:0.00449781544737
variables x:0.00426199856585
characteristic models:0.00424531723276
size z:0.00424531723276
var v:0.00424531723276
lemma 5:0.00417889231586
obdd based:0.00406610127299
represents f:0.00406610127299
v j:0.00404445351691
h r:0.00403764603716
set requires:0.00392703985637
partition l:0.00392703985637
l r:0.00383753009805
size o:0.00382630400616
nodes u:0.00378816746892
f 1:0.0037273744662
edge 1:0.00371724147213
assigned 0:0.00371724147213
checked yet:0.00369697786944
imp 0:0.00369697786944
smallest obdd:0.00369697786944
halt step:0.00369697786944
unate boolean:0.00369697786944
unate function:0.00369697786944
negative theory:0.00369697786944
quasi reduced:0.00369697786944
coordinates among:0.00369697786944
satisfying fx:0.00369697786944
f checking:0.00369697786944
lemma 3:0.00366511394821
f 0:0.00366394646653
x 1:0.00363627555109
lemma 2:0.00358776965977
level w:0.00337336158553
denote whether:0.00337336158553
u level:0.00337336158553
imp 1:0.00337336158553
testing whether:0.00328439462231
space requirement:0.00328439462231
many boolean:0.00318398792457
triple u:0.00318398792457
resp negative:0.00318398792457
balanced partition:0.00318398792457
th coordinates:0.00318398792457
checking whether:0.00317120659815
boolean functions:0.00315419405113
constant time:0.00314259993466
model based:0.00308153571655
xm 1:0.00304957595474
obdd representation:0.00304957595474
property f:0.00304957595474
constant nodes:0.00304957595474
output yes:0.00304957595474
positive resp:0.00304957595474
assigned 1:0.00304957595474
z n:0.00302965002804
f u:0.00300129590795
