distortion:0.0275051392053
sensor:0.0207087079365
samples:0.0111185950839
coding:0.00982573519043
traf:0.00955058774741
entropy:0.00833831745116
quantization:0.00711236293837
compression:0.00672286449458
ow:0.00641620913159
sensors:0.00564976370109
routing:0.00516542570142
networks:0.00498424620773
eigenvalues:0.0049472004173
quantized:0.00481894053952
capacity:0.00481627152353
quantizer:0.00455127490846
bits:0.00443903824733
network:0.00441378556893
encoders:0.00417086962698
wireless:0.00412113989406
hop:0.00382554759079
transmissions:0.00377601692198
joint:0.00362000770174
correlated:0.00356138222126
grid:0.00324965346015
fig:0.00311288013715
transport:0.0030477710028
bandlimited:0.00303418327231
gaussian:0.00303183504836
rst:0.00297542916045
quantizers:0.00289140676108
asymptotic:0.00284617423277
compress:0.00269310000301
servetto:0.00268407693482
ned:0.00264327724226
correlation:0.00264159601826
networking:0.00262451732319
rate:0.00261320341396
toeplitz:0.00255119174181
iv:0.00253972797428
sample:0.00247735206446
krishnamachari:0.00242645096696
satis:0.00242217992708
quadrature:0.00239921766487
source:0.0023599477508
lossless:0.00226761619332
transmission:0.00225488067828
nodes:0.00223826090458
vanishing:0.00222261341824
multivariate:0.00218646458849
jointly:0.00217298603888
cut:0.00216378894052
broadcast:0.00212853696875
subnet:0.0021146217938
throughput:0.00210233673836
bhaskar:0.00208543481349
eld:0.00208372266707
ef:0.00203026684145
eqn:0.00201858289302
lling:0.00201747104092
nyquist:0.00201747104092
gure:0.00199281195593
covariance:0.00198077854219
ch:0.00196895702549
berkeley:0.00195733975604
huffman:0.00182672559127
nition:0.00182105543841
sensing:0.00180633724284
cant:0.00179106703682
vuran:0.00178938462322
suboptimum:0.00178938462322
szego:0.00178938462322
pattem:0.00178938462322
madhow:0.00178938462322
ed:0.00177222076076
sergio:0.00175848952292
sources:0.00174118455215
interpolated:0.00172579518762
signi:0.00170071214499
nite:0.00168540514706
spatially:0.0016782297431
memoryless:0.00162780820086
node:0.00162525336943
tosn:0.00161763397797
usa:0.00158939062305
shannon:0.00158596634535
measurements:0.00156330315161
lattice:0.00153866196907
encoding:0.0015377062446
encoder:0.00153071504508
sundeep:0.00151709163615
square:0.00150454919298
asymptotically:0.00147799899975
density:0.00145445861298
dif:0.00145330795625
congestion:0.00145014216542
mehmet:0.00144570338054
akyildiz:0.00144570338054
luo:0.00143953059892
spatial:0.00142172338882
analog:0.00139353861192
nashville:0.00139028987566
suf:0.00139028987566
vishal:0.00134498069395
justi:0.00134498069395
govindan:0.00134498069395
mse:0.00134498069395
collected:0.00131370073699
quantizing:0.00130664437047
mild:0.00130379162333
de:0.00126352839771
regular:0.00125849374227
transported:0.0012440770055
strip:0.0012419701925
spread:0.00123092957526
water:0.00122594016842
codes:0.00122258462059
ton:0.00121816010487
subnets:0.00121781706085
argued:0.00121594623216
networked:0.00120303921217
boulder:0.00119404469121
entropies:0.00119404469121
tennessee:0.0011523327919
discrete:0.00114679473711
berger:0.00113380809666
random:0.00112427688057
codeword:0.0011165493828
viii:0.0011165493828
ciency:0.00110471927781
meter:0.00110039309806
codewords:0.00110039309806
gathering:0.00109893574171
continuous:0.00108585789285
grows:0.0010733917422
growth:0.00107199277012
cuts:0.00105536821864
prescribed:0.00103518301068
mobile:0.00103428791478
resorting:0.00102047669672
tractable:0.000997503664554
xed:0.000988584589242
ramesh:0.000988287353576
variance:0.000981612919073
resolution:0.000967324751195
compressing:0.000959687065947
logarithmically:0.000959687065947
temporally:0.000959687065947
signal:0.000948029480576
encoded:0.000942338621901
ne:0.000934730148937
gains:0.000930851942363
decoder:0.000918100894788
regularity:0.000911959674119
culty:0.000910527719205
dense:0.000902243132621
amplitude:0.000896011530353
upamanyu:0.000894692311608
lifton:0.000894692311608
ananthasubramaniam:0.000894692311608
slepian:0.000894692311608
killer:0.000894692311608
enachescu:0.000894692311608
barriac:0.000894692311608
pottie:0.000894692311608
paradiso:0.000894692311608
vishnu:0.000894692311608
elbatt:0.000894692311608
sensate:0.000894692311608
beferull:0.000894692311608
arici:0.000894692311608
mudumbai:0.000894692311608
disortion:0.000894692311608
yonghe:0.000894692311608
akan:0.000894692311608
ishwar:0.000894692311608
khosla:0.000894692311608
ditortion:0.000894692311608
peraki:0.000894692311608
yucel:0.000894692311608
ciancio:0.000894692311608
navda:0.000894692311608
quare:0.000894692311608
baltasar:0.000894692311608
chowdhary:0.000894692311608
cing:0.000894692311608
dimesional:0.000894692311608
swol:0.000894692311608
kamra:0.000894692311608
altunbasak:0.000894692311608
cristescu:0.000894692311608
broxton:0.000894692311608
akgun:0.000894692311608
tarik:0.000894692311608
rachlin:0.000894692311608
appendix:0.000889158327913
rate distortion:0.0234585959722
distortion function:0.0225548139877
sensor networks:0.0199526326753
source coding:0.0171875437308
traf c:0.0126685594548
distributed source:0.0107376366547
total distortion:0.00784515269139
transport capacity:0.00784515269139
side information:0.00784515269139
sensor network:0.0075863970913
networks april:0.00625001590212
regular grid:0.00566312010421
joint entropy:0.00566241971743
networks proceedings:0.00538184689565
sensor data:0.00538058869024
wireless sensor:0.0053738661929
average distortion:0.00536881832736
multi hop:0.00523023864462
c iv:0.00506742378192
random grid:0.00490322043212
hop sensor:0.00490322043212
gaussian source:0.00490322043212
bits necessary:0.0044740152728
c generated:0.0044370860424
entire network:0.00440464896994
network ow:0.0042228531516
c ii:0.00410033213172
analog sources:0.00392257634569
independent encoders:0.00392257634569
data generated:0.00382070795886
coding techniques:0.00361470581593
classical source:0.00357921221824
satis ed:0.00354158632479
berkeley california:0.00347615490634
distortion measure:0.00337828252128
mean square:0.0033755122848
data compression:0.00332543877922
april 26:0.00331310516687
information processing:0.00330148032677
source codes:0.00323566840996
broadcast problem:0.00312500795106
de ned:0.00311057748621
th node:0.00303455883652
third international:0.0030144979153
node throughput:0.00294193225927
correlated data:0.00294193225927
distortion theory:0.00294193225927
water lling:0.00294193225927
sergio d:0.00294193225927
dense sensor:0.00294193225927
joint rate:0.00294193225927
d servetto:0.00294193225927
per sample:0.00283326905983
vector quantization:0.00278092392507
asymptotic rate:0.00278092392507
international symposium:0.00276741880255
bhaskar krishnamachari:0.00268440916368
distortion per:0.00268440916368
ef ciency:0.00268440916368
quadrature error:0.00253371189096
random networks:0.00253371189096
vector quantizers:0.00253371189096
network setting:0.00253371189096
re encoding:0.00253371189096
c iii:0.00253371189096
square error:0.00251694226854
per node:0.00251000291555
appendix b:0.00245854017166
de nition:0.00243593559888
distortion rate:0.00234375596329
whole network:0.00227591912739
regularity conditions:0.00227591912739
signi cant:0.0022185430212
huffman coding:0.0022185430212
assumption c:0.00216882348956
routing algorithms:0.00212826913233
zero eigenvalues:0.00212495179487
section v:0.00211488353682
high resolution:0.0020891237555
section iv:0.0020891237555
fact even:0.0020856929438
rate function:0.0020856929438
california usa:0.00205671236551
de ne:0.00198786310012
mehmet c:0.00196128817285
distortion allowed:0.00196128817285
network cut:0.00196128817285
differential volume:0.00196128817285
data enough:0.00196128817285
compression ef:0.00196128817285
truly novel:0.00196128817285
lattice quantization:0.00196128817285
lling result:0.00196128817285
c vuran:0.00196128817285
differential entropy:0.00196128817285
correlated information:0.00196128817285
quantization compression:0.00196128817285
