sdp:0.0223613538247
deltaw:0.0165864492353
nld:0.0157392672462
deltay:0.0145565407843
diag:0.00985995411137
xl:0.00941501016815
semidefinite:0.00860630323832
sdps:0.00774034297645
primal:0.00764535640791
barrier:0.00762952443165
rw:0.00693765196595
lagrangian:0.00539845536964
nonlinear:0.00528894645192
dual:0.00447722090445
newton:0.00427183852383
xi:0.00416740652669
boundedness:0.00387721967457
maxcut:0.00371179928304
diagonal:0.00310745293038
fx:0.00310412294948
triangular:0.0029225890117
asz:0.00292195187426
interior:0.00287445347098
lov:0.0028546409138
feasible:0.00281518380082
gradient:0.00269375234507
log:0.00256299378905
gammaz:0.00256201789465
proposition:0.00252371423526
lim:0.00215059267901
differentiating:0.00208928359651
hypothetical:0.00208928359651
subsection:0.00205928032659
burer:0.00205294790168
bijective:0.0020217417756
merit:0.00200924417104
benson:0.00194796791617
optimality:0.00192297645068
nonsingularity:0.00190309394253
inequality:0.00190131570656
stationary:0.00187192552026
semidefiniteness:0.00185589964152
matrices:0.00182613658344
thetan:0.00179651327855
fz:0.00175555074543
armijo:0.0017405481475
fs:0.0017266056278
matrix:0.00170830493957
definiteness:0.00166006440274
bundle:0.00161739342048
definite:0.00158217462163
delta:0.0015747380096
convergence:0.00152451166127
lemma:0.00152445316382
rice:0.00151180647802
rz:0.0014991035375
transformed:0.00148165594825
descent:0.00144677031902
nonnegative:0.00142968555423
hadamard:0.0014273204569
derivatives:0.00138931597021
inequalities:0.00138477430416
minimizer:0.00138159834553
strictly:0.00137584199819
monteiro:0.00136991874834
nae:0.00136863193446
peinado:0.00136863193446
extremers:0.00136863193446
hypotheses:0.00136733386273
accumulation:0.00131058751322
relaxations:0.00126247295991
medium:0.00124795034684
convergent:0.00124359604054
isye:0.00123726642768
gatech:0.00123726642768
equality:0.00123213081238
sized:0.00121663716773
central:0.00120439606378
infinity:0.00115784353165
duality:0.00114481977604
nonempty:0.00114398871716
georgia:0.00112661009273
homer:0.00110576328235
positivity:0.00109086648276
transformation:0.00108975304537
corollary:0.00108063957937
goemans:0.00106337960955
vavasis:0.00106337960955
nineteen:0.00102872434751
pr:0.00100817411095
independence:0.0010066134591
hessian:0.00100462208552
remark:0.00100268992976
slack:0.000997220401031
vanderbei:0.000973983958085
fa:0.000965333271839
omega:0.000953536992983
cholesky:0.000949935550493
nonpositive:0.000931461742868
constraint:0.000930047126931
minimization:0.000920054456059
lemmas:0.000920054456059
ff:0.000913518707651
combinatorial:0.000903994019691
fy:0.000903588002609
subproblem:0.000898256639274
minimizers:0.000896667635061
potential:0.000894281224798
relaxation:0.000890335197714
satisfiability:0.000882792557918
paragraph:0.000877804558886
correspondence:0.000871261621685
fe:0.00086806219141
disadvantages:0.00083186875449
strict:0.000831843112561
williamson:0.000830032201371
unconstrained:0.000803280714295
sequences:0.00079043512229
co:0.000786893098139
establish:0.000785837996887
statement:0.000781498391494
iterations:0.000774514606508
solving:0.000752141872864
direction:0.000745366111157
usual:0.000743777475851
theta:0.000734685874069
doe:0.000734027971683
standpoint:0.000727244321843
sparse:0.00071630281127
fw:0.000714337684915
reformulated:0.000714337684915
advantages:0.000697587361719
triangularity:0.000684315967228
caam:0.000684315967228
producing:0.00068100687475
constrained:0.000680255504342
converges:0.000678759990625
moderate:0.000662606226579
conclude:0.000659980460496
spectral:0.00065753666644
dms:0.000655293756608
satisfying:0.000652130944187
school:0.000650697361115
concave:0.000650697361115
reduction:0.000648311154023
adjoint:0.000646203279095
suffices:0.000633624715874
graphs:0.000620857602374
w y:0.0266644341111
log barrier:0.0179420616169
k g:0.0162124803441
deltaw deltay:0.0157407572838
potential reduction:0.0101359752507
barrier algorithm:0.00956051850293
f w:0.00788605241552
z w:0.00711163251347
deltay delta:0.00684380751471
dual sdp:0.00675031829669
fx k:0.00649673031689
y w:0.00639355938037
reduction algorithm:0.00625643509509
form sdp:0.00615942676324
lagrangian function:0.00565609803663
interior point:0.0055268150781
f 0:0.00529625490904
matrix variable:0.00525024756409
o methods:0.00525024756409
strictly feasible:0.00522213877597
diag x:0.0051676880601
central path:0.00509048823296
semidefinite programs:0.00497640584269
newton direction:0.00487574142311
sdp problem:0.00452172705259
nonlinear program:0.00452172705259
k 0:0.00430437492748
semidefinite programming:0.00411014531595
r y:0.00405668503896
l w:0.00393409683606
fs k:0.00387576604508
proposition 2:0.0037753318264
standard form:0.00376532357636
primal estimate:0.0037501768315
asz theta:0.0037501768315
rw 0:0.0037501768315
w k:0.00368789548996
merit function:0.0035851944386
optimality conditions:0.00355581625674
lemma 4:0.00346080540507
w xi:0.00342190375736
k y:0.0034194142727
positive semidefinite:0.00341634725477
stationary point:0.00340926657827
sequences fx:0.00339365882198
lov asz:0.00331760389513
computational results:0.00329821122454
f z:0.00325802889226
first order:0.00323573609037
bijective correspondence:0.00322980503756
unique solution:0.00320933833292
gradient based:0.00319044083934
x w:0.00317670917575
h v:0.00313863382929
f o:0.00313863382929
primal dual:0.00313863382929
f k:0.00309626514665
diag l:0.00309345889947
let w:0.00301224515118
nonlinear programming:0.00301201278429
corollary 2:0.00300297979475
bundle method:0.0030001414652
lim k2k:0.0030001414652
co 200:0.0030001414652
xl 0:0.0030001414652
maxcut sdp:0.0030001414652
usual standard:0.0030001414652
fz k:0.00298766203217
p w:0.00290538773203
bounded proof:0.00276466991261
barrier function:0.00276466991261
sdp problems:0.00273752300589
diag w:0.00273752300589
unique stationary:0.00273752300589
rw w:0.00273752300589
point w:0.00270874523506
linear independence:0.00265870069945
upper triangular:0.00263254420766
assumption 2:0.00262273122404
descent direction:0.00261341343149
x k:0.00259726616615
solving small:0.00258384403005
deltay 0:0.00258384403005
inequality constraints:0.00258172524367
feasible solution:0.00254342704699
line search:0.00246591221852
diagonal matrix:0.00244645618367
feasible solutions:0.00243519041305
sequence produced:0.00239012962573
positive definite:0.00238160060307
medium sized:0.00237909263572
theta n:0.00237840161316
n thetan:0.00234179259004
theorem 2:0.00233087957574
accumulation points:0.0023209505671
open set:0.00230560718145
point algorithms:0.00230560718145
sequences f:0.00226243921465
real n:0.00226243921465
inequality diag:0.0022501060989
primal matrix:0.0022501060989
log gammaz:0.0022501060989
deltay 1:0.0022501060989
k deltay:0.0022501060989
certain lagrangian:0.0022501060989
differentiating 8:0.0022501060989
armijo line:0.0022501060989
obtain diag:0.0022501060989
slack matrix:0.0022501060989
order interior:0.0022501060989
positive semidefiniteness:0.0022501060989
deltaw k:0.0022501060989
diag xl:0.0022501060989
linear sdps:0.0022501060989
spectral bundle:0.0022501060989
algorithm pr:0.0022501060989
transformed log:0.0022501060989
w positive:0.0022501060989
lower triangular:0.00224522687614
z k:0.00222336993023
matrix x:0.00222238516046
w given:0.00221173593009
sized problems:0.00221173593009
th coordinate:0.00221173593009
clearly implies:0.00216699618805
point algorithm:0.00213521703423
lemmas 4:0.00213521703423
log barrier algorithm:0.0115657196406
z w y:0.0101200046855
l t xl:0.00867357549794
potential reduction algorithm:0.00854340756636
deltaw deltay delta:0.00788506863449
y w y:0.00684445547983
w y w:0.00657185197412
l w y:0.00650571729783
f w k:0.00616000993184
standard form sdp:0.0057828598203
corollary 2 7:0.00572431757766
f 0 w:0.00551954804414
w k y:0.00551954804414
g is bounded:0.00549775381782
fx k g:0.00545385028621
sequence of points:0.00513264801521
w y 0:0.00473104118069
f 0 d:0.00473104118069
