programming environments:0.00135860076096
software development environments:0.0198853935631
sociological metaphor:0.00305853438716
toolkit environments:0.00713658023672
programmers:0.00449381475917
model of software:0.00837349097814
configuration management:0.00419538438056
interconnection model:0.00203902292478
developers:0.00487473051406
analogy:0.000979945941098
vehicles:0.00232159521694
policies for example:0.00279116365938
project management:0.00630966435214
metaphor:0.00500991244973
distinguishes:0.00145579987405
cities:0.00159137642361
sigsoft:0.00115459719133
developers:0.00487473051406
metaphor:0.00500991244973
company:0.00171036327339
naser:0.000930148466005
master database:0.00203902292478
programmer:0.00220493309999
howden:0.000930148466005
mechanisms:0.0117768131002
