parallel programming:0.000439562616348
program verification:0.00335108381469
critical properties:0.00775440625433
dataflow approach:0.000953080273935
ergonomy:0.000952954637199
formal design:0.000787677832048
traditional description tools:0.00219625777736
verification methods:0.00150889787306
ingo:0.00135633621582
section by track:0.00329438666604
glory:0.00172297423438
flow language:0.00476540136967
reaction time:0.00416066895791
expressed:0.00149155758893
c ack:0.0028592408218
sequential machines:0.00301779574612
event:0.00119972753237
lights:0.0019077012467
connect:0.00235154642699
c ack ab:0.00329438666604
section trains:0.0020890240143
req:0.00212720307838
bool let:0.00762464219148
events:0.00124204366384
ab ack:0.00626707204289
wypiwye:0.000952954637199
misunderstanding:0.000861487117191
umsx:0.0019059092744
pi:0.0114242620713
ack:0.0136694214701
ab:0.00935165861982
testcases:0.000952954637199
determinism:0.000887765839701
gerin:0.000952954637199
switch:0.00565261112767
mandel:0.000861487117191
ack:0.0136694214701
derail ab:0.00417804802859
undercarriage:0.000952954637199
derail:0.0104825010092
lustre program:0.00571848164361
specifications:0.00172721002351
instant:0.00194070589188
asynchronous:0.00107864440111
trackc:0.000952954637199
experience:0.000940878513214
ab ack:0.00626707204289
switch positioning requests:0.00219625777736
lakehal:0.000952954637199
dfinir:0.000952954637199
