software testing:0.00687185875988
mutation analysis:0.0394832244543
program schemata:0.00679179046225
ramadhan:0.00280061764346
interpretively:0.00154898518916
hexagons:0.00140030882173
giuliano:0.00140030882173
programs:0.00170946042558
intrinsic:0.00174275520386
fortran language system:0.00309929855425
newton:0.00805794267655
sys tems msg:0.00357050782069
driver:0.00397391358906
selective mutation:0.00848973807782
prepared:0.00158951258408
