algebra:0.00125782465683
logic:0.00278561160838
relational database:0.000332877996758
database schema:0.00293838369799
tuple calculus:0.000621236067923
xw:0.00121011053786
format:0.00110339950175
w oe:0.00314102299734
tuples:0.00147490999352
noncomputable:0.000512407187628
created:0.000556978702882
name:0.00192828883229
qw:0.00183178348985
v then val:0.00261236182301
record:0.000903630052543
assignment:0.000787362869842
rg:0.000524547548764
v and w:0.00215523120005
v and w:0.00215523120005
hi vali:0.00283427972939
