software process:0.0707271729068
process modeling:0.00782117792746
debugger:0.00156494182115
instrumentation:0.000891525512394
urge:0.000823267723243
engineering:0.000916468478451
evolution:0.0103273086191
bank:0.00165105820123
may last:0.0018046978529
agent:0.00168514828615
lifecycles:0.000823267723243
