atomic register:0.0112623615825
linearizability:0.00182991827598
single writer single:0.00587182807879
proof assume:0.00271131256651
historyg:0.000566234344622
bits:0.000936461947167
appendixg:0.00113246868924
registers:0.00479654098746
construction:0.00172919560231
asymptotically:0.000561239065622
tautology:0.00104462789602
