poset:0.0424980034261
transposition:0.00666037851508
linear extension:0.0305858733517
slc:0.000824905815621
pruesse:0.000879574868239
yeilds:0.000879574868239
delay 3 ordering:0.00224238273876
precedes y:0.00275539889178
oe:0.00167606633898
induces:0.00165963291842
hamiltonian cycle:0.00707575379141
poset of figure:0.00224238273876
poset of figure:0.00224238273876
karell:0.00097296283685
rotem:0.00247471744686
