customization:0.00251561120199
optimization:0.000877836370845
object oriented programming:0.00311110575765
polymorphism:0.00167909806018
method call:0.00307511149041
cost of indirect:0.00188549003662
programs:0.00329294072366
mckinley:0.000992356289642
instructions between breaks:0.00471372509155
rtsh:0.00409071631835
compiler:0.00337051276976
skadron:0.00111362175777
driesen urs hlzle:0.00282823505493
instructions between breaks:0.00471372509155
registers:0.00119490483264
