implementation:-0.000259289562627
complex elementary functions:0.00783569951999
functions using exception:0.00284934527999
answer realpart:0.0169997520484
evaluations:0.000916496786925
multiplication:0.000847245431765
correctness:0.000881716379458
reasonably:0.00108358717056
