theory refinement:0.00102142195377
mozer:0.00123777373355
equivalence:0.000772985136021
overfitting:0.00183371195061
links:0.00515079162476
promoter:0.011965146091
robert h sloan:0.00235359883899
thrun et al:0.00176519912924
subset and mofn:0.00176519912924
learn:0.00272376837522
