browsing:0.0117475081895
hierarchies:0.00103450795771
table of contents:0.00766948587187
seconds:0.000992742764996
sibling:0.00242622317061
viewing section:0.00243174449792
significantly faster:0.00668497281859
fisheye:0.00574605738892
seemed:0.00109391206889
hypertext:0.00344406879775
toc size:0.00243174449792
new information appeared:0.00255649529062
military:0.00134554376091
permanently:0.0011682851631
information about radar:0.00170433019375
