prototyping:0.00652655918019
software development:0.00794821990482
hardware:0.00229184614913
experimental design:0.00484378070929
software:0.00249399552773
interactive cyclic view:0.00129079502352
process monitoring experiment:0.00903556516464
waterfall view:0.00122774268933
workday:0.00112009821472
reworking:0.00189930282307
efforts spanning:0.00245548537865
agile:0.00189930282307
monitoring experiment:0.00859419882528
monitoring:0.00679519318178
feature:0.00226425916691
weekend data:0.00368322806798
spent:0.00591050175392
vacation:0.00271489385995
rewriting:0.00182873941963
spent:0.00591050175392
consult:0.00109625324981
sojourn:0.0016838308037
prototype experiment:0.0049109707573
arcadia:0.00189930282307
tasks:0.00282030773492
production intervals:0.00245548537865
necessary auxiliary:0.00224054358525
barshefsky:0.00112009821472
statemate:0.00271489385995
livesey:0.00112009821472
guindon:0.00224019642944
software engineering:0.00523467781698
figure 1b day:0.0064539751176
categories:0.00113708367769
sampled:0.001141715861
engineering:0.00124690265096
analyses:0.00345029429958
developer decides:0.00245548537865
interwoven:0.00112009821472
inception:0.00163583615021
inception:0.00163583615021
oquendo:0.00112009821472
measurement:0.00122470603485
library figure:0.00224054358525
reproducibility:0.00174055503491
large software system:0.003361336273
figure 1a:0.00555115861301
