neural networks:0.00522733944638
active learning:0.0180310163794
generalization:0.00287000801518
queries:0.00369513738741
version space:0.0120745406095
na ive:0.00817071057543
first hidden:0.00172493437279
secure:0.000923681012933
fit:0.00102422926954
committee:0.000836247851959
random:0.000988805616086
exhibited:0.00151023231849
intelligent user interfaces:0.00208410952601
concepts:0.00328697399836
mining:0.00169373285694
power system:0.00412262234432
random:0.000988805616086
speech:0.00196399565128
target concept:0.0039203225415
ji:0.00146218018388
