clustering:0.0128961833601
error bounds:0.00172843378344
global illumination:0.0113638476484
hierarchical radiosity:0.0123406228479
receiving cluster:0.00534301562869
franois:0.0011119961847
receiver figure:0.00264441918169
receiving patches:0.00213720625147
interactions:0.00362630843272
hierarchy:0.0031215516866
volumes:0.00272471678758
incident:0.00104027342905
hierarchies:0.00170470588109
approximated:0.00119293121543
becauseevery:0.000974931069156
emissive:0.000974931069156
