navigation:0.0090899158717
visualization:0.00235711432182
information retrieval:0.00581414484842
interaction paradigm:0.00116111690938
shadocs:0.0232186088897
treevisualization:0.00116093044448
disorientation:0.00196854029551
navigating:0.00133932294088
centroid:0.0018678990267
concise:0.000976385731605
prototype:0.00128251413642
aspect:0.00172344757276
thevenin:0.00104950076618
windows:0.0019407574768
zoom:0.00401796882264
integrating search:0.00254501239133
