formal methods:0.000507504770968
trellis:0.0402594226021
coordination structure:0.00104190210077
dynamic protocol:0.00104190210077
moderated meeting:0.00520951050383
hyperdocuments:0.00384000108966
richard:0.00149367922821
telling:0.0011377614014
actions:0.00102111047334
ctn defining:0.00208380420153
client:0.00521569699842
nets:0.00953194156846
altering:0.00127036848946
prototype conference:0.00208380420153
textronix:0.000950573816935
coordination:0.00399480172913
prototype conference tool:0.00219076929942
cabarrus:0.000950573816935
cheon:0.00190114763387
information text:0.00208380420153
text graphics:0.00208380420153
annotating:0.00122430624044
preconditions:0.00107233068873
high level nets:0.00328615394913
coordination:0.00399480172913
addp:0.00190114763387
