hypercube:0.00370227919293
recursion:0.00190744364294
prefix sum:0.0109339178698
ladner fischer:0.0034897582091
cube:0.00083160312744
hhci:0.00238794776848
sorted:0.00369656488239
higher dimensional arrays:0.00238847374817
skeletons:0.00129296721939
bmg:0.00159196517899
mou:0.0013497137657
p a powerlist:0.00275161106556
algebraic:0.00142854144001
sorting networks:0.00300552191272
algebraic manipulations:0.00192951491819
sorted:0.00369656488239
recursive:0.00148540339885
hx:0.00131887719944
describing:0.000970969956803
nested:0.00082440087069
inv:0.00680917064759
