probabilistic analysis:0.000903033748746
traveling salesman:0.00598486574
rightarrow:0.00381447666097
assignment:0.00563960746478
shankar:0.000846602413564
near:0.0019243717998
phi:0.000710558709897
mean an edge:0.00292423086087
