performance measurements:0.000654088920536
reply:0.00873605058464
primarily:0.0014335261633
retransmission:0.00116434535805
transport:0.00273465841612
tests:0.00150786024124
primarily:0.0014335261633
modem handshaking time:0.00475761753313
environment:0.00296152259434
effective transfer rate:0.00475761753313
mtx:0.0020642815185
trip:0.0132397592234
bulk:0.00604348463726
communication:0.00198118461601
transmission:0.00751483807495
transmission:0.00751483807495
