switch:0.002789097982
buffer overflow:0.000824175371852
gradual input:0.00371083071392
growth:0.000676061628362
service:0.0126436872643
corresponding state:0.00417901274679
gradual:0.00186981622312
yossi:0.00470752835051
freund:0.000643572565526
proposition 2:0.00311310148964
oe n:0.00273800473857
ltrb policy:0.00371083071392
equal speed channels:0.00390140981812
ffi:0.00132214177822
arrivals:0.00149008798932
sec:0.000817677231083
incoming:0.0015423534087
ltrb:0.0361117146565
state trajectory theta:0.00650234969687
come:0.000574337992864
noy:0.000768026994353
