protocols:0.00456662803827
protocol:0.0079666525937
lower bound:0.00665305213782
discrete event simulation:0.00417877746814
critical path analysis:0.0139500996512
restarts:0.000631803692519
capable:0.000943446526817
correctly:0.00337541384789
sent:0.00206879792266
restoration:0.00060614309823
antimessages:0.00307889327364
tighter:0.00138740488111
arrow:0.000971061089418
satisfy sc:0.00398055111751
annihilated:0.000841606011759
executing:0.00111220972683
sixteenth:0.000626363259992
co:0.000835171335105
earliness:0.00109431367566
state 2:0.0032629882643
