concept learning:0.00403022582578
hypothesis:0.00602005462619
reaped:0.000943748548015
hypothesis:0.00602005462619
