backpropagation:0.0242903154356
classified:0.00129738329441
speech:0.00333057303885
lorien:0.001455721683
strings:0.00232213441404
phoneme stress:0.0232938922656
coefficient:0.00134612464293
cell:0.00101559057241
correlation coefficients:0.0029406110449
momentum term:0.00239330084812
