quadrature:0.0155638812301
nets:0.0192753970054
symmetric discrepancy:0.0141380746361
discrep:0.00145745791057
mean square:0.0243326020512
preserves:0.000915618345379
dimensions:0.000921450184671
ffi asymptotic:0.00353451865903
zaremba:0.00145745791057
hk:0.00190523462243
profs:0.00136687114408
square:0.00604793053761
monto:0.00136687114408
