synchronization:0.00295984531368
distributed algorithms:0.00128815450405
lower bounds:0.000821869035997
hrequesti:0.00541506657513
informs:0.00224158285464
consensus:0.00281029933471
linial:0.000752969453517
holding:0.000712830318368
queue:0.00156945028983
stays:0.000855871222838
contradiction:0.00077959597995
lemma:0.00117185016494
optimal failure locality:0.00499218312108
merritt:0.000875002495487
graph w:0.00433270235409
set of processes:0.00399211461771
faulty:0.000882228907615
conflicts:0.000673107303773
