sparse matrices:0.00278425226624
ordering algorithms:0.00130249122194
quotient graph:0.020925401878
large sparse symmetric:0.00223147323162
degree:0.00871048594135
degree d:0.00611499257934
pipe:0.000858700876587
rl:0.000918124860754
jean:0.000835101893603
reid:0.000949017290949
graph:0.000871730007133
table 6 1:0.0026225161267
automobile:0.00123662312325
symmetric:0.00154264517139
swell:0.000822611956963
