perspective projection:0.0100343191036
rigidity checking:0.0310415591832
point correspondences:0.0180087291145
axis:0.00299726957255
mcreynolds:0.00953558506628
wei:0.00107591389785
characteristic roc:0.00224385966387
rigidity threshold:0.00272021410274
false positive rate:0.00720946239636
weng:0.00121951723845
rigid:0.00710991640034
orthonormal rotation matrix:0.00214478740452
huttenlocher:0.00186549549517
recovery:0.00291317620735
furthest:0.000799145906663
projections:0.000797974029085
derivative:0.00100380751953
scene structure:0.00350939842074
initializing:0.000924833048806
axes:0.00113254541654
frames:0.00105407749934
