collocation:0.0602123651735
preconditioning:0.0195448348341
boundary value problem:0.00111559770887
value problems:0.00595048583831
iterative:0.00368238914316
cubic:0.00549335630442
af:0.0105483324851
norms:0.00107058266423
gammaa:0.00253578199248
manteuffel:0.00112639345016
incomplete lu factorization:0.00847874151838
l sigma0 defined:0.00345425528484
