message passing:0.00466432984327
shared memory:0.00191274425952
token passing:0.0112018443755
sellf:0.001386348428
protocol 3:0.0065851498085
controller:0.00316456733163
sliding:0.000736658262149
identifier:0.000779886713628
circular sub:0.00303898104113
machines:0.000742225736897
color:0.0164939776458
aforementioned:0.000663776320338
possession:0.000892784443238
ring:0.00206087630251
colors:0.00241758228348
