performance evaluation:0.000466730039375
discrete event simulation:0.000837298254231
virtual time:0.00647563124757
time warp:0.0379833314423
rollback:0.00759690936588
checkpointing:0.000676886013113
memory management:0.0138358112417
receive:0.00199655464244
cells:0.000931885918817
rolls:0.00195277872452
speedup:0.00173492502753
cache:0.0022461783552
causality:0.00203262008027
buffers per processor:0.00209637762001
grain:0.00164514130724
asymmetric phold:0.00199411617775
phold:0.00719854890443
event computation time:0.00209637762001
grain:0.00164514130724
m seq:0.00199411617775
execution:0.00136381746421
lin:0.000864103798583
well defined knee:0.00209637762001
salvage parameter:0.0305764480589
processor:0.00170516874543
unsending:0.0012129385701
tradeoff:0.000792126457333
object:0.00106643848308
