graph algorithms:0.000609920577453
cycles:0.00661719314121
lemma:0.00190109880823
jl:0.00240472299235
cornerstone:0.000660929417392
type two:0.0039517498179
c that satisfies:0.00271601022334
quadrilaterals:0.00128823920536
