learning automata:0.00103700563693
exact learning:0.00604194549583
equivalence:0.00333851788617
entries:0.0010228674962
consistent:0.000868358015189
consistent and closed:0.00273684176528
rivest:0.00338633665144
learned:0.00168245536505
freund:0.000677300123995
row:0.00089074952684
set of strings:0.00270676453598
