scheduling:0.00564675423322
imprecise computation:0.00750787555622
error:0.00152904150708
fractions:0.00179254185915
amounts:0.00117402861983
brandt:0.000497253360391
completion:0.00155424951725
end timing constraints:0.00402562330421
among its component:0.00322049864337
bimodally:0.00349367575768
rationale:0.000587662280176
dot:0.00334625587374
extension:0.00137829507011
budgeted:0.00209620545461
reward:0.00119545501298
