discrete logarithms:0.0278491921577
root:0.000946260107967
residue:0.0013480383845
time lm 1:0.00302788928986
infeasible:0.00570982596192
composite number:0.00287990678816
securely:0.000845979371118
infeasible:0.00570982596192
mod:0.00263890906752
primes p:0.00493795165717
field:0.00153594922733
hhnlein:0.00131366779535
protocol factoring:0.00287990678816
