routing:0.0229377526925
performance analysis:0.000970705098558
interconnection network:0.0016494091144
calculate:0.000935355338437
controller:0.00199643234817
bidirectional min:0.00426412537031
scherson:0.000710617701543
aljundi:0.000710617701543
message:0.000982223821878
source:0.00119962270804
switch:0.0100109782301
d l gamma2:0.00409409570925
reliability:0.000988102768201
backward bw:0.00467319518731
acknowledgment:0.00161381367034
forward:0.00402586245676
combined tag ct:0.00245645742555
folllow:0.000710617701543
travel:0.00151923840232
delay:0.00275411590527
routing in mbn:0.0032752765674
