schur algorithm:0.0329442479075
toeplitz matrices:0.005229684225
stability:0.0117214853951
structured matrices:0.00258975283179
anma:0.00143207485693
orthogonal:0.00190060127403
factorization:0.0107241748992
least squares:0.00387599337348
instability:0.00581283831892
kontoghiorghes:0.00143207485693
ucl:0.00129461990313
squares:0.00279746113139
zb:0.00215282171298
incurring:0.000717093221598
sigmag:0.00111267256293
kzk 2 1:0.00330091537525
