optimization:4.36337984012e-05
routing:0.00986098988009
adam:0.000817781836363
guarantee:0.00100910660121
serge:0.00105034568604
jobs:0.0168848620719
news:0.000820580903044
fifteenth:0.000848610344685
multicommodity:0.00232485808663
single job:0.002316366235
online algorithm:0.00311840929626
assumes knowledge:0.0024184615273
b fail:0.00256230406822
baruch:0.00128380909712
