program transformation:0.00053573153284
monads:0.00183276924354
specialisation:0.0590093900378
inspected:0.0010412611537
prompt:0.00102751163254
spec:0.00258745015332
dereference:0.0011456930418
rules:0.00382948856187
case eval:0.0056455749935
eraser:0.00232819425401
lambda calculus:0.00613362467813
sums:0.00109563097697
univ:0.00343707912539
univ:0.00343707912539
dynamic part:0.00515138756137
