graphs:0.000506283942323
minimum cuts:0.00538212169736
visited:0.000505601356311
twin:0.00223702017437
v fs:0.0032623527174
edge:0.00464676088507
loses:0.000693144468914
edge:0.00464676088507
e x y:0.00488294501902
reference:0.000581489717684
r 2 v:0.00571761948523
proofs:0.000510021255651
orlin:0.00115619001599
one of w:0.00686013961429
