complexity:-0.000480377441945
constraint satisfaction problem:0.0127944842603
indicator problem:0.0076852351981
yuanlin:0.000660529174487
arity:0.00331061660541
ary:0.00528749459383
algebraic:0.00295178184676
problem for fr:0.00359090632392
peter jeavons:0.0049306627395
satisfaction problem:0.0119607880459
koubarakis:0.000629447317316
marathe:0.000605320734742
cartesian product equality:0.00359090632392
stants:0.00053022749497
lane:0.000972272767867
