parameter estimation:0.000444365009122
outliers:0.0277573212256
robust estimation:0.00162659508732
discontinuities:0.00807385718466
multiple structures:0.00630747484606
rousseeuw:0.00134235211482
hypothesized:0.00254044933024
robust statistics:0.00352659933253
signed:0.00171769524416
bias:0.0208513532274
stantial:0.000742437493868
suter:0.00188837944235
sampled:0.00151353274456
creaseb:0.000742437493868
squares monotone:0.00406872615767
residual biased fit:0.00342196589286
data taken:0.0029700550032
location:0.0010358329725
writing:0.000802709663105
x z:0.00676116972236
