software reuse:0.00467638733643
partial evaluation:0.00190219190948
abstract data type:0.000459036539528
generic algorithm:0.00381834871774
generic procedure:0.00841661407737
splice:0.00116102266262
automatically:0.000961405824554
linked list:0.0226014484411
verb:0.00078835439655
numerals:0.00078835439655
undefined:0.000999096692276
specifications:0.00152950006284
list view:0.00194229555632
types or several:0.00136126340172
copy:0.000984005889861
copy contents:0.00453202296474
semigroups:0.0009179230426
specialize:0.00152828950346
prev:0.00078835439655
roles:0.00123428985184
phi:0.00397002470566
specification:0.000913572785198
pts:0.0022948076065
types and generics:0.00204189510259
intentions:0.00101063716002
array:0.00093929064877
