parallel processing:0.000494625788031
mutual exclusion:0.00493449468807
priority queue:0.00707419134754
spin lock:0.014938698616
owning:0.000597685952697
ceiling:0.00298842976349
successor:0.0016511235473
next node:0.0119947837717
jik:0.000824018581616
next node:0.0119947837717
pointed:0.00140384175714
fair:0.000582260122518
participating:0.000800047661982
releases the lock:0.00451708223173
laxity:0.00207498652861
molesky:0.00097191635894
unpredictable:0.00116950325881
preempted:0.000606461348012
removes:0.00121263844416
