benchmarks:0.000867293613473
decision tables:0.00965977269768
kernel extraction algorithm:0.00507817651936
presynthesis optimizations:0.0177095832791
kernel:0.0152037222184
asics:0.000903207662772
tdt in example:0.00507817651936
literals corresponding:0.00321992423256
extraction:0.0053569067306
laws:0.00122855303882
synthesis:0.00747396115947
fro:0.00132776133097
synthesized:0.0018329162991
synthesizable:0.00114115625714
delete:0.00137438105664
halves:0.000811190757506
fa:0.00103593871228
notations:0.000899403651996
expression of tdt:0.00507817651936
kernel:0.0152037222184
decoder:0.000753581392715
stub:0.0063224536394
example 2 1:0.00789917293908
optimization using timed:0.00338545101291
presynthesis:0.0220310256333
delete:0.00137438105664
brayton:0.00107249964582
calling:0.00323104484818
action part:0.00440710051481
improved synthesis results:0.00507817651936
trimself:0.00146873504222
