memory latency:0.0122542322358
vector architecture:0.00433444678081
microarchitecture:0.00151990673629
register renaming:0.0122714126275
precise interrupts:0.00240569234245
sustain:0.00107202939664
processors:0.00138778927894
decode:0.00299429253175
archi:0.00204991902345
valero:0.00370806324123
decode stage:0.0023360628421
vector processors:0.00428161943667
krste:0.00155717739077
francisca:0.00183666511123
mateo valero:0.00433182316361
memorywhen:0.000918332555614
reorder:0.00439692787399
iram:0.00138051880172
ops:0.00164875675641
ops:0.00164875675641
regs issue rf:0.00317466689647
perf:0.00370975715026
slot:0.00178794969263
fetch issue rf:0.00211644459765
roger:0.00321890321118
rf:0.00414383886576
