parallelizing transformations:0.0031173410426
actions:0.00147328383318
introduce s l:0.00215496191782
hines:0.00182091868117
sharlit:0.00124682888544
nested:0.00338977627759
sigplan:0.00188742411313
