reducibility:0.000468397008708
node splitting:0.0450505314953
control flow graphs:0.0100638748558
irreducibility:0.00247376453906
copied instructions:0.00779977708513
bison:0.00829349737566
limit flow graph:0.00410004159594
two msed:0.00389988854256
cns:0.0186798808212
b c:0.00301562436236
predecessors:0.00151286097627
fubo:0.000804139445184
dominator:0.00652926615939
code size:0.0131415703405
possible split sequences:0.00307503119695
cnsh:0.00978469947776
procedures:0.00085289427902
successor:0.00181337127277
converted:0.00153701699765
candidate:0.00249514704743
alternated:0.000754159002099
risc:0.00076500722545
