algorithms:-0.00187799021053
graph coloring:0.00250593200578
random graphs:0.00376400875781
vilenchik:0.000820650911317
n where c:0.00315257865565
approximation:0.000616896982913
andr:0.000864266656776
schdlich:0.000820650911317
goerdt:0.00164130182263
graphs:0.00335047436731
gammafi:0.00111703506092
heuristic:0.000799804272035
every fixed:0.00246763033767
exceeds:0.000677609779747
schdlich:0.000820650911317
