coverage:0.00900077463381
regression testing:0.00573242107421
profiling:0.00237324013752
control flow analysis:0.00385962962532
leaving:0.000869059276367
flow graph g:0.00282698481743
optimal algorithm:0.00304653839175
transitions:0.0048921389404
culminating:0.00228695891599
execution of backedge:0.00339188548401
preci:0.000737475841959
reformulate:0.000998515739845
testtube:0.000886976285425
pennings:0.000792703808004
else:0.000604619093748
basic blocks:0.0027826012913
