convergence:0.0046559529314
elliptic equation:0.00188989047745
finite difference:0.00327339356714
homogenization theory:0.0041810953602
multigrid method:0.00928857489063
oscillation:0.00269177477841
equa:0.00103045104302
two level method:0.00662553139521
meanwhile:0.00246980978519
boundary:0.00254087837795
cell:0.000583223218571
constant c:0.00347854791754
discretization:0.001963022012
sequel:0.00144362018354
established:0.00143030001915
inverse:0.00109259684645
proceeding:0.000721810091771
tells:0.00144362018354
homogenized:0.0472336027104
iterations:0.00088703082211
realize:0.000730869853036
fl:0.00172758025477
summations:0.00123490489259
realize:0.000730869853036
