levels of cache:0.00317311760689
matrix matrix:0.0025249563825
lamf:0.00825974671831
anl:0.0013403182066
yi:0.0010095578887
gemm based:0.00367146464083
blocking:0.003862663435
dependence analysis:0.00288542870206
levels of cache:0.00317311760689
blocking matrix:0.00275359848062
factorization:0.0167691950151
wheter:0.000917749635368
memory:0.00152414598266
antidependence:0.000829661199824
ling:0.00141264222989
compiler derivable:0.00301775910648
lapack:0.0263367863901
adve:0.00114532423677
