iterative methods:0.00173831861251
inner iteration:0.0164605736715
deltax:0.000618067232015
r fik:0.0037895202045
phi:0.00677698342969
percent:0.000703109250975
overton:0.000820115298359
shall:0.0020157090476
ffi fi:0.00704434688522
phi:0.00677698342969
tolerance:0.0103740023447
