symmetries:0.0324347205884
automorphisms:0.0321522012045
numerical integrators:0.00400116812511
preserved:0.0011730814018
generators:0.00112179905183
gamma:0.000888688083113
quispel:0.00295005667325
suzuki:0.00114604592893
tomorphism:0.00147502833662
numerics:0.0011917244761
vector fields:0.0186744274783
chaos:0.00170168617687
