software architecture:0.00535166564179
connectors:0.0164723350576
transient interactions:0.00626624590631
ssg:0.000861373569397
faculdade:0.000952829033583
category:0.00286499209958
locality:0.00240976550711
connector:0.0261739576052
read r init:0.00329395233688
interactions:0.00330782547692
vous:0.000952829033583
fhc:0.000952829033583
fast action:0.00313312295316
interactions:0.00330782547692
engage:0.00103182885519
