algorithms:-0.0017348170894
addressing:0.00345325247043
repair:0.00128150017204
root:0.00116493722017
l bits:0.00326718720345
number satisfied:0.00295454916063
number of machines:0.0128157083503
ni machines:0.00295454916063
unulitilized:0.00134770952233
interfere:0.000543314483383
priority:0.0028389619929
satisfied subnetworks:0.00295454916063
subnetwork:0.0335524871437
subnet:0.00477800450054
