wormhole routing:0.00513728821743
gossip:0.00209900651586
torus networks:0.00124768431786
delta delta delta:0.00287004054544
nx message:0.00248176576409
start up time:0.00384025702385
tvrdk:0.000754762359344
circular:0.00347744796677
thereupon:0.00226428707803
transferred:0.000785266620828
y y y:0.00758389737696
soch:0.000754762359344
exchange:0.000800344115014
jump:0.000778809065156
bn:0.000755875252167
deltad:0.000639909188772
cardboard:0.000639909188772
higher dimensional:0.00272833391184
