scheduling:0.00479746147909
fairness:0.00416331508079
interval graphs:0.0103120978995
case of perfect:0.00270078974264
baruah:0.00152615792083
colors:0.00348784938502
dynamic storage allocation:0.00622282153804
feasible frequency:0.00690553667283
approximating:0.00124717108734
aligned and contiguous:0.00414854769203
cells:0.00221276497058
coloring:0.0025529146189
deciding:0.00134799887677
institutional:0.000727171521087
base stations:0.00481231235308
