approximation algorithms:0.000715335316379
clique:0.00883550590648
madhu sudan:0.002177962322
let u 0:0.00220200109238
fifth:0.000772240772003
accepted:0.000863261581238
feige:0.000968993547428
definition 3 1:0.00414202756849
noga:0.00127317715669
bipartite:0.000809054949504
