bounding surfaces reconstruction:0.00517280092655
terribly:0.000843483701266
detects:0.000697452848911
bar:0.000775144708921
gf gf gf:0.177168431734
reconstructs:0.00136113942491
sf:0.00268633202658
sub block b:0.00775920138983
3d block:0.00738018032065
loading:0.000869742510415
cf:0.000868773194328
cubic sub blocks:0.00258640046328
indicated:0.000726133710796
