scalability:0.00399331552153
broadcasting:0.0183143239907
communication operations:0.00542608849626
machine:0.00111627580682
machine size varies:0.00309541330301
dl:0.000720255572437
multicomputer:0.00071359920267
positions:0.000755092455489
algorithms br:0.00588823751335
repositioning algorithms:0.00294411875668
repositions:0.00121405188018
bp:0.000749440950799
br lin within:0.00464311995452
bottlenecks:0.000672466390977
ideal input distribution:0.00309541330301
