reliable multicast:0.0205208190895
multicast transport protocols:0.00268241394036
ryan:0.000724110978267
premise:0.000969139892576
pingali et al:0.0067060348509
packet:0.0158412136009
retransmission:0.00823600256519
ideal receiver:0.00278328599129
cw:0.00296443853881
bhattacharjee:0.00172176374928
periodic:0.00307547191964
transmission:0.0055111824624
release:0.0023348742406
aggregate:0.00283869418163
