preconditioners:0.0406530450942
block matrices:0.0006341417535
singular:0.00139391220349
riluk:0.00160201969591
kolotilina:0.00129432502102
interfaces:0.00139498881922
approximate inverses:0.00435698112629
setup:0.00197660179448
