interior point methods:0.00401035963701
continuous trajectories:0.000750314726867
maximal monotonicity:0.00248993589361
generalized complementarity:0.000750314726867
problems:-0.00106825380181
thus shown:0.00443716194117
ab:0.00120650658452
ortega:0.000576979807396
conclude:0.000850394407499
delta i theta:0.00478138103786
affine:0.00553731516588
monotone and z:0.00525995224095
ffg:0.000543703185443
z k:0.00314577489497
pertain:0.000525839135635
g ae:0.00274346928422
restricted:0.000729731660549
injectiveness:0.00211079676618
implication:0.00114647737685
convexity:0.00146983727433
metric:0.00177716667263
monotone z:0.00912976494325
gammaz:0.000517834864713
luo:0.000890170071502
hara:0.00193437186236
proofs:0.000568863106407
bounded:0.00134549946105
maximal:0.00196946322178
open:0.000879172626604
