model checking:0.0205910626788
abstracted:0.00721762300239
correctness:0.00104076534563
static:0.000789350320154
based model checking:0.00187396436577
validation:0.000820857892826
completion:0.00104924899713
mixed with zero:0.00326116867029
partial:0.00111696229407
interpretations:0.00112387558643
