treewidth:0.0110831283111
vertex ranking:0.0457890564622
edge ranking:0.0245697376139
rooted tree:0.00226387735916
edge ranking number:0.00469657943987
chromatic:0.0034864489258
skip:0.000785931757231
subtree:0.000753921359017
elimination tree:0.00403333463743
subgraph:0.00523531239766
terminal:0.00186804968035
sc:0.000881313040131
ruu:0.000765852290846
father:0.000708396208911
recolored:0.00153170458169
bcbs:0.00203780518049
minor closed:0.00335041876553
hungarian:0.00148804602021
recognizability:0.000921105182666
robertson and seymour:0.00391438886512
vertex ranking problem:0.0070448691598
