parallel computing:0.00350756609479
reactor:0.020711164729
subspace:0.00122324836719
block:0.00153910647713
highest:0.00073292701442
cg:0.00147625710798
direct methods:0.00228424635966
model with 9:0.00226803090734
lu:0.000910640035147
nuclear reactor transient:0.00226803090734
ssor:0.000795077818864
fgmres:0.00739684454609
withdrawn:0.000764602654188
