toeplitz matrices:0.0309260758618
multigrid method:0.0192999200672
conditioned toeplitz:0.00714071525391
log:0.000914917764841
ay:0.00203237643907
iteration:0.00125507515421
gradient:0.00299162872138
pre:0.00135234912063
