exits:0.00166961310297
execution:0.0011002879314
percentage:0.00119061008746
cmos vlsi design:0.00249056293516
overlapped:0.00161513069637
aggressive scheduling techniques:0.00249056293516
parallelisation:0.000885981086508
requirements of loops:0.00407513105126
using sacks:0.00258402595376
resmii:0.00285699086452
files:0.0035053356244
ayguad:0.00419418169461
recmii:0.00285699086452
systolic:0.00141083897891
kernel:0.00113503722915
