instruction level parallelism:0.000788195913956
value prediction:0.0311505343468
value speculation:0.0343788108754
hybrid:0.0060215009955
dispatch:0.00246418419512
schedule:0.00429779120929
patchup:0.00246055611906
compress:0.00581937975949
miss predictions:0.00404559501662
ldpred:0.0393688979049
schedule length:0.00709376837834
operand:0.00202544401287
prediction:0.0382062532575
benchmark:0.00118468062056
based two level:0.00425342670672
