linear programming:0.00506169956274
throughput:0.0053754888854
uniformization:0.00593982437636
p 2:0.00372580589676
state e x:0.0023066637562
iu:0.00427350125981
stochastic:0.0102548279474
service:0.00089708387778
race policy:0.00500492514386
connected marked:0.00300295508632
ia:0.00265907829709
mean token:0.0032910372089
selective token:0.00438804961186
task:0.00150821022789
iestimates:0.00100084644577
steady:0.00167314091209
race:0.00310727513942
vectorj:0.00100084644577
