motion:0.0148603333106
structure:-0.000536360719292
calibrated camera:0.00224965276111
multilinear constraint:0.00409085554607
uncalibrated:0.0135804752328
jt:0.00119983007365
faugeras:0.00415069742944
degrees of freedom:0.00694481087649
sequence of images:0.00378111412543
mulation:0.00105473244021
choosing a coordinate:0.00286734704484
anti:0.00107604818787
longuet:0.00100510095635
nity:0.0066411158871
mourrain 1995:0.00272723703071
dioeculties:0.00105473244021
motion and orientation:0.00286734704484
determine camera:0.00409085554607
trilinear constraints:0.00272723703071
projectively:0.00483287824614
quely:0.00124403955908
analogue:0.00632800705877
lie:0.00381702112854
