turbulence:0.0234088093308
scaling:0.00515912003164
intermittency:0.0121395699039
local structure:0.00772028717852
statistical theory:0.00343123874601
proportional:0.00101935218834
shear:0.00384599891731
near a wall:0.00233152561359
motion:0.00137319983315
viscosity asymptotics:0.00332650394999
canonical:0.00230333428493
ottingen:0.00101163082533
slightest:0.000914531384133
statistical mechanics:0.00224771812259
divergence:0.00086027296069
canonical ensemble:0.00286492069518
casts:0.00118094254273
h pick:0.00221766929999
zero limit:0.00221766929999
near a wall:0.00233152561359
scrutiny:0.0013501093066
envelope:0.00589680174447
outlet:0.000857689645964
