design rules:0.0595313183712
design rule checking:0.00559503492895
layer design rule:0.00932505821492
bea:0.00323703744668
vias:0.00161851872334
intervening:0.00126714373169
separation rule:0.00354797293964
ad:0.00058253701625
metal:0.00276909830164
path:0.000893065991092
modarres:0.00242777808501
