curve matching:0.00473729611913
bilateral symmetry:0.0147099826083
differential invariants:0.008942707893
integral invariants:0.0284237767148
quasi invariant parameterisation:0.0218325535556
determinant:0.00165991972008
show the invariant:0.00272906919446
local invariants:0.00315819741275
less sensitive:0.00353005987762
proposed invariants:0.00346117237843
friedberg:0.00157892625921
zisserman:0.00178018630672
xx y:0.00394774676594
horizontally minimising:0.00432646547303
normalised:0.00288240868009
levitt:0.0028547521114
metric g:0.00372612828875
orbit:0.00092159172331
x y:0.00576805025997
formalise:0.00107458358105
intrinsic:0.00207251537093
suffer:0.00124520437247
