matrices:0.00905533715112
completion:0.0170070544264
hermitian:0.0360026607001
inertia:0.0247674323732
minimal rank:0.0138669843111
successive diagonal completions:0.00267272448387
deduced:0.000643252336838
specified hermitian submatrices:0.00356363264516
discard:0.000577286044945
cain:0.00419373771402
theorem 1:0.0126261499709
permissibility:0.00069895628567
partial matrix p:0.00267272448387
riccati:0.00215019084587
bordered matrices:0.0050845803236
poincares:0.000773167259657
generalize:0.000749413533525
inertial:0.0176364758908
inequality:0.00176909083194
determinantal:0.00069895628567
