agenda management:0.00752696670304
agent coordination:0.00304475061239
process programming:0.00844944418896
metaphor:0.00128683454159
exception handler:0.00434377633302
interpreter:0.00976436915633
indicated:0.000869600194257
thrown:0.00264460923032
agenda management system:0.00619474077042
agendas:0.00364607389058
posts:0.00149496463481
resources:0.0012853661499
started:0.00105241938874
workbenches:0.000971927613179
parametric:0.00303324826999
discovery in databases:0.00284774561089
postrequisite:0.00860096832575
lsrtool s agenda:0.00247789630817
