compilers:0.000325913816271
dominators:0.0257937065529
flowgraphs:0.00312143011159
microtrees:0.0331155010435
path compression:0.00410558350804
harel 1985:0.00483935165257
alstrup et:0.008468865392
outside:0.000809072970852
link eval:0.00725902747886
aug:0.00983515919075
z idom x:0.00254374144525
loukas:0.000997899109943
lemma:0.000913361699252
semi:0.00236049220853
microtree roots:0.00544427060914
graphs:0.00175260261034
uniting:0.000997899109943
pmtroot:0.00110385003478
special vertex:0.00467973597775
ces:0.000728775664954
