collaboration:0.00326859591046
user interface:0.012647192029
digital library:0.00727120259881
online help desk:0.00211375875425
online support:0.00100528150923
demonstration sessions:0.00248772031634
gives the user:0.00242925710614
replayed:0.00180266370784
map:0.00320371516494
scheduling:0.000788509765003
mouse:0.00179528507341
cues:0.000949160464012
window window:0.00366913532688
support and help:0.00211375875425
activities:0.00121210169175
entries:0.00171150570586
larsgaard:0.000917167454681
toolkit:0.000802603665507
replay:0.00670183241869
customer:0.0011764942096
