lower bounds:0.00511436265384
gossiping:0.0717629537449
algorithm:-0.00576551728356
knowledge:0.000686596348051
white pairs:0.00246235386922
algorithm cot:0.00246235386922
nsince:0.00112323086976
pair of bounds:0.00388321860044
measured:0.000473861856128
learns:0.0004914638045
turns:0.000629481772536
gamma:0.000563945035132
