solver collaboration language:0.0120873867805
horizons:0.00154086312027
fine grain solvers:0.00329656003104
primtive:0.000953583152327
cooperative constraint:0.0114972109916
homogenize:0.000862055305502
contraintes:0.000953583152327
reaching:0.000899044759044
mixed:0.000984326943299
parallel depth:0.00258650709935
realization:0.00116519152322
cartesian:0.0011774346082
returned:0.000900388808187
