temporal difference learning:0.00544150992088
backgammon:0.0259379867824
coevolution:0.00288199853138
reinforcement:0.00766480709683
winning:0.00915043066928
network:0.00141430512395
co evolutionary learning:0.00783462793203
feedforward neural:0.00274681375954
performanceto:0.0011330899495
make mostly:0.0024839703948
success:0.00375684037491
neurogammon:0.00339926984849
maxsolve:0.0011330899495
meta game:0.00453307031058
evolutionary computation:0.00381785995575
prisoner:0.00204866497524
schraudolph et:0.0024839703948
evolution:0.00544358615925
sevan:0.0011330899495
