distributed systems:0.00434355790778
protocols:0.000284791330965
fault tolerance:0.00128044075549
checkpointing:0.0136074156089
deliveries:0.000892254766949
assumption is contradicted:0.00443697895138
piggybacks:0.00273988102251
backing:0.000778311749981
messages:0.00096843691466
permanently:0.0027031155617
process p k:0.0033994931622
interchangeably:0.000632758771135
decentralized:0.000664058474822
logging:0.000749069360053
compared to previous:0.00464233086202
update the sequence:0.0040675656248
piggybacks:0.00273988102251
pushes:0.000708801865515
lemma 4:0.00365110515185
l sn 1:0.00443697895138
communication induced:0.0031824589965
ms figure:0.00484608389372
restarted:0.000623388148204
process p:0.0135677336058
heterogeneous:0.000760551218406
wise:0.000774444962183
sending:0.000894120787668
sending:0.000894120787668
directs:0.000749069360053
pay:0.000872079314383
m sent:0.00784484084944
