machine learning:0.00634481457592
knowledge discovery:0.00069841900145
entropy:0.00319500509814
feature subset selection:0.0083304099048
relevance:0.0286342426019
irrelevant features:0.00445749106186
features:0.00498979511728
maximising:0.00106174180283
irrelevant:0.00222349737653
weakly relevant features:0.00302899054073
subset of features:0.00788774018308
relevant feature set:0.00302899054073
filter:0.0019057228438
irrelevant:0.00222349737653
feature set strongly:0.00302899054073
descending:0.00187437745578
minimal:0.000914637023358
freitag:0.00118800968388
discovery:0.000804738188534
revisiting:0.000820007181697
