consistent initial conditions:0.00204022770498
livermore:0.00153195517135
restarts:0.0009241076786
generalizes:0.0005714566232
generalizes:0.0005714566232
predator:0.00300222885626
preconditioner p:0.00250702490717
