compression:0.0292270046272
aggregation:0.00586284642338
transient behavior:0.0119159426386
lumping:0.000779890460659
probability transition matrix:0.00674837922021
weights:0.00249028032849
jerror:0.00200752954118
q n:0.0205150942386
distributions:0.000829727867433
nth power:0.00401561665202
exponentials:0.000617271329653
invariant:0.000594653857071
producing:0.00124863868107
search:0.000832702699896
chain:0.00137163062127
nrl:0.000810974959369
uncompressed:0.00254406259956
compressing probability:0.00880169262515
ctmc:0.00155978092132
q is row:0.00462678305097
