application scalability:0.000913586666769
direct execution:0.00620051051716
numberofprocessors:0.00083351941402
nas:0.00606603955398
angles:0.00130456319856
cooperative caching techniques:0.00288140104662
o system:0.00202051717852
measuredruntime:0.00083351941402
parallel discrete:0.0029310390607
meas:0.00426056760025
synthetic:0.0031666265631
passing:0.00122938376679
slowdowns:0.00166860620979
aylor:0.00083351941402
node:0.00107454368563
memory:0.00123045445307
figure performance:0.00246924138775
