least norm approximation:0.0046998924897
prescribe:0.000848224803783
infinity:0.00138000666434
breneman:0.0013593670323
well the least:0.0031332616598
solutions:0.00155956227797
rtsch:0.00219655571921
