optimization:0.000394278504981
symmetric indefinite factorization:0.0213452614056
bbk:0.0231504500783
factorize:0.000923641701284
range 10000:0.011842486658
pivoting strategy 2:0.00326135014
nhigham:0.00130850773059
ri:0.00374844730874
sorensen:0.00107302969732
fig:0.00099440457302
max:0.000941486563148
comparisons:0.00326816720734
measures:0.00121860338562
magnitude:0.00139022193599
