caches:0.00166424471749
loop transformations:0.0032647471896
checkpointing:0.00196830632228
loop distance subgraph:0.0113795562058
legal:0.0021926883262
orig:0.0023107915927
algorithm 4:0.00241663556749
even duplication:0.00463899106522
profitability:0.00583244945737
ferrante:0.00100401703095
executed:0.000936114565819
