simulation:0.00121825547229
gradient estimation:0.00257477640192
moments:0.00223974778937
athreya:0.000858156918067
ecuyer:0.00466730741734
conditions a7 a9:0.00395545451995
unavailability:0.00119327424079
networks:0.0015050386442
likelihood ratio method:0.00988863629987
iv:0.00132873621032
density:0.00139506476648
