connectivity:0.0124490460217
network design:0.00096748157341
x tight:0.00372478776409
vz:0.000549138929802
uv:0.00297308906766
vt:0.000472552755004
vs:0.000837311829342
contradiction:0.0014677895354
isolated:0.000450901706055
augmenting set f:0.0023495042764
stars:0.00156825196556
