incomplete orthogonalization:0.00429798747245
induction:0.00125128284182
reynolds:0.00819923782361
driven:0.000866174790318
tests:0.00106079402254
quasi:0.000950088488318
h ij:0.0034240875999
los:0.0011177155861
quasi:0.000950088488318
split preconditioned residual:0.00301255543199
