concurrency:0.00621587114809
continuations:0.0588088655865
threads:0.0296915555836
control delimiters:0.00136527174274
implementation of spawn:0.00471942358807
waiting:0.00212774269568
subcontinuation:0.0573305858888
shot:0.0342522540803
computation a subcontinuation:0.00314628239205
executing:0.00125417607413
subcontinuations section:0.00448873856896
release mutex:0.0119699695172
abort:0.00339099630276
handing:0.00123399570827
acquire mutex let:0.00629256478409
fork:0.00472429982224
aborted:0.00217596554455
set of thread:0.00629256478409
fn:0.00119450945837
