optimization:5.94399909022e-05
game theory:0.000874572992685
stochastic games:0.00658936371063
stochastic shortest paths:0.00134066476042
minimizer:0.0170285219964
semicontinuous:0.00169901617532
decides:0.00106860269757
location action:0.005100675084
primal cost:0.003825506313
delta:0.00156164475826
pursuit:0.00147427895414
stages:0.000707345523675
discounting:0.0007621819196
monotonically:0.00150774540615
gammap:0.000629907106882
absorbing:0.00129843599554
players are adjacent:0.00536265904169
proposition:0.00176663341098
pursuer:0.0147237492427
