convergence:0.00241961255855
linear program:0.0139087667
linear system:0.0018020345831
residual:0.00457446428464
active indices:0.00193447041246
deltaffl:0.00176492038032
smallest singular value:0.00536373429905
equality:0.00105926350114
nonsingular:0.000687243163105
subject:0.0007186002014
happened:0.00125866093557
iterates:0.00465461499597
scalings:0.00060058360911
pseudoinverse:0.000712968952316
iteration:0.000680087720893
angle:0.00130274022385
columns:0.000779389242625
directions:0.00121234432748
formulate:0.000713828211065
neighborhood n:0.00269617737291
meantime:0.00053518433687
vertex:0.000620858771444
