projective reconstruction:0.00139373972647
universal invariants:0.00196591155688
tions:0.000741872682479
spanned:0.000771175108067
constraints:0.000672824566108
trilinearity:0.00152047884149
notations:0.00109820510422
rank 3 2:0.0041341322868
condi:0.000905185122934
shape variables:0.00786364622751
tively:0.000685155209625
