resource allocation:0.0131407021022
orientation:0.0114585998405
locality:0.00103920212937
response time:0.00562298421078
labeling:0.0173971570457
preprocessing:0.00997973385407
gammaeir:0.000739626957008
message:0.000567955968213
gafni:0.000574664528102
subgraph:0.00380034187246
joins:0.00103354690914
vertex with color:0.00255675690496
g o log:0.00255675690496
label u:0.00486398664129
acyclic orientation:0.00418906341289
phase r:0.00486398664129
within r rounds:0.00255675690496
legally:0.00142892095742
induce:0.000813616481406
vertex:0.00537713412201
finds:0.00109445719649
problem is extendible:0.00340900920661
israel:0.00100703229459
linial:0.00154268603506
