regular sets:0.00780086977315
trees:0.00569232448279
strings:0.00326585089214
logic:0.00324252431853
pedantic:0.0011933508976
dot:0.00112345415595
known and trusted:0.00324433560255
domain specific languages:0.00261698663616
formula 8pos:0.00462860189341
successful applications:0.00265756032029
domain of discourse:0.00281617213782
concrete:0.00128814378837
using monadic:0.00281562371092
uncomfortably:0.0011933508976
situ:0.00100167119677
straction:0.00102781216057
black:0.00184688472049
compiler:0.00231945878767
attribute:0.0012117754171
