geometric properties:0.00764641887222
emphasises:0.000732001711665
distributional framework:0.00198611771728
d and d:0.00346365269184
gaussian:0.00165319145773
derivative:0.00073288390839
distributional:0.00264413316529
multisensor image:0.00271839328571
overlapping areas:0.00297917657592
mosaic:0.00204300864904
minimisation:0.00184984870002
ds:0.00266698067771
recovering:0.000749762240135
