connectivity:0.00760965824638
dynamic graph algorithms:0.00319149626049
deletion:0.00463208598252
structures:0.000665158130431
edge e 0:0.00359096107792
e l 1:0.00514872940795
sparse:0.000579848497951
equivalence:0.000598925976219
