anonymity:0.0104995352413
privacy:0.00473268836485
janus function:0.0303084298937
mailbox:0.0159981426463
persistent relationship:0.00121233719575
pseudonym:0.000999883915394
practices:0.00191400641513
secrecy:0.00752751059643
pseudonyms:0.00187547436048
identifiably opened:0.00363701158725
username:0.0121665013243
routing sgr97:0.00363701158725
penet:0.00110604557494
passphrase:0.0121665013243
server s j:0.0151901850032
history of anonymous:0.00254919176362
uncheckability:0.00110604557494
secu:0.00110604557494
initiated:0.00318828825471
interac:0.00134156367431
mack:0.00299965174618
lucent:0.00134156367431
servers:0.00867295418115
m i 0:0.00411252200491
