decidability:0.00191458938759
c steps:0.00460732450108
proof of con:0.00415164979648
play:0.000527898914078
proofs:0.00164657468679
rules:0.00412689326419
g m x:0.00276776653099
coloured:0.00208758560485
linear binary programs:0.00276776653099
flooding:0.00369296238259
