approximation algorithms:0.00127480275507
planar graphs:0.0158181303678
separators:0.00138681886857
vertex:0.0043435087925
trapped:0.0100534354319
faces:0.00236139455481
ffi:0.000371986658474
connected component:0.00464052268327
incurred:0.000956449023377
connected:0.00222685837256
minimum cost b:0.00426825004702
shortest:0.00167538920387
