prefetching:0.0125865750956
algorithms:-0.00357768507019
caching:0.00131767125505
buffer management:0.0118748853326
competitive ratio:0.00185267877786
opportunity:0.000882160958798
block:0.0110519827721
step k:0.00314596109464
agree:0.00108439182761
ff:0.0026087834201
kallahalla:0.00375213523069
paging algorithms:0.00375278450136
several fundamental:0.00327655380299
reference:0.000610916316719
replacement:0.00650635096566
fresh:0.000564075506226
forward distance:0.0041127999174
conservative:0.00100144405121
parallelism:0.00177141372531
omega t 1:0.023061846983
conservative:0.00100144405121
ff:0.0026087834201
varman:0.00375213523069
references:0.00107166230967
prefetched:0.00230739867621
prasanna:0.000805436761118
valid schedules:0.00354211080932
fq:0.00144290033786
retained:0.000951200199488
