theorem proving:0.00197700186668
bin:0.0531915165712
design goal:0.0124456180591
incoming:0.00143234501829
circ:0.0198956315876
wiring:0.00137320917611
eqin lsin:0.0103383517715
parametric:0.00110877580643
orem:0.000888525690064
instantiate:0.00101813436904
