nonlinear equations:0.002439483737
computer algebra:0.0375327812204
numerical methods:0.00313840232393
maple:0.0326904418392
quadrature formulas:0.00194839695099
zero of multiplicity:0.00475761753313
rn:0.00108668640873
iteration converges:0.00481162572616
fx fy fxx:0.00475761753313
conceal:0.001667325623
scientific:0.00180824938835
taylorphi:0.00412738445778
approximation x:0.00525047133929
weddle:0.00206369222889
fx:0.00133730087836
series expansion d:0.00475761753313
series:0.00325263854823
kutta:0.0100565757521
g all useful:0.00237880876657
pencil:0.00125156439841
e we assume:0.00338640117286
h f fx:0.00475761753313
simplify:0.00238523395869
discretization errors:0.00350031422619
nonlinear equation:0.00290325193997
iteration:0.00278325365879
equidistant:0.00523047069428
taylor:0.005116167617
indeterminants:0.00206369222889
equidistant function values:0.00475761753313
runge kutta formulas:0.00872301705541
spanned:0.000887412749248
