biclique:0.00125244179207
bandwidth:0.0260479747879
caterpillar:0.0123125830263
clique:0.00245376628914
massini:0.00138541852775
appearance:0.00199665550458
f label incident:0.0047899977905
renumbering:0.00202332052768
bound from proposition:0.00319333186033
subdivision:0.00481836009719
edge uv:0.00501072744567
incident:0.0359713048281
edges involving:0.00607446699192
exhausted:0.000723099205006
eichhorn:0.00138541852775
elementary:0.00233587465216
ary:0.000989745261063
triangulated:0.000790096944186
beginning:0.000686920678081
