wormhole routing:0.00201390950709
collective communication:0.00114956428524
torus:0.0423022609275
span p 0:0.0119339747067
routed:0.00646147971822
isomorphic to u:0.0046887332719
recursive:0.00150571278178
liberatore:0.0011493290562
jang:0.00105270785075
yuanyuan:0.00096914230579
shyan:0.00119513846069
receiving:0.00258471239309
message m:0.00747052075287
liberatore:0.0011493290562
axes:0.00108003164707
recursively perform:0.00486448438859
tori:0.0155414648441
theta delta:0.00432160725069
subtractions:0.00102845735671
alignment sub:0.00324298959239
planes:0.0119880792885
