simulation:0.00417621079737
refinement:0.00128130461465
interface extension:0.0123370412396
service:0.00481501676693
req:0.00171305334953
extension:0.00194629310218
sig:0.00157500111038
ioa:0.00716260398366
five page:0.00336464761079
modification:0.00191591481229
shvartsman:0.000925016457327
simulates:0.00155638702138
ologies:0.00102322914052
service a dynamic:0.00235826404977
external:0.00109206443766
observable:0.00125681539887
recv:0.00136558826681
middleware:0.00111895878711
