constraint satisfaction:0.000692392622811
relaxation labeling:0.00145192282298
penn:0.00230581984105
acquisition:0.00168947132334
grammatical:0.00108501809171
constraint compatibility value:0.00131536120852
new label weights:0.00131536120852
tri:0.00273278340549
wp:0.000812409517032
weights:0.000772422162398
tree:0.00164057313622
