test collections:0.00115904882944
disjunctions:0.00148014473895
spos:0.00410046164367
trial:0.00113109338515
tietoenator:0.00136682054789
eqs:0.00877568250273
sparse database:0.00683539511894
medlars:0.00136682054789
levels:0.00142805019757
elementary queries:0.035957444361
fell:0.00159557863686
elementary queries:0.035957444361
highest precision:0.00299645369675
