consensus:0.0042614148249
annoys:0.000656893582716
column:0.00265733643884
