completeness:0.00286637120478
private computation:0.00247828641297
reducibility:0.00240562594146
outputs:0.00184266720307
party protocol:0.00274141595669
inputs:0.00330302510909
bit:0.00199519895982
using a black:0.00526435492525
moni:0.000650225387589
publicly:0.00144337556488
channels:0.00298888343312
coins:0.000609699260932
boolean function f:0.00277680049995
immoral:0.000825991060543
moni:0.000650225387589
