bytes r:0.00238427238713
wavelan:0.00565525257404
characterizing:0.0013284705736
communities:0.00197413613492
paramvir bahl:0.00348400333079
trends:0.00199557118275
