symbolic evaluation:0.015658157471
cache hit prediction:0.000759942466625
incremented:0.00176380116321
held:0.000959827640849
lo:0.00120495046813
operator:0.0021492244572
r ref:0.00593631614052
referenced:0.00212941206414
fi:0.00262762719817
real time:0.00541287076534
novel:0.000815122274435
jacobi relaxation:0.00345532927508
boundary:0.000801833620048
iva:0.00131906101228
