routing protocol:0.00687787715069
temporarily:0.00105640068564
hoc:0.00773209747433
depth will cause:0.00305062618745
failure:0.00108698262137
failures:0.00241364838228
creases:0.00081391214137
