integer programming:0.00220078619612
cycles:0.00361433236505
disconnected cycle c:0.00206169315305
imprecision:0.00446564485239
system of inequalities:0.0044740152728
equations:0.00213389165073
chiron:0.00894581596064
entry:0.00298241090221
noties:0.00151690390052
dispatcher task:0.00294156815874
dispatch:0.0022397516289
ow:0.0228549164525
scalable:0.000853002901439
subgraph:0.00459652783832
