software pipelining:0.0125395775705
register allocation:0.0135712026163
spill code:0.0208619828638
iterations:0.0014891081293
eduard:0.00260488732009
register file:0.00286360718084
reservation:0.000863098987687
reduction modulo scheduling:0.00275699326959
ranges:0.00177196862965
cycle:0.000968432562242
adding spill code:0.00574270928992
usetf:0.00191372968307
llosa:0.00332632104714
contribute:0.00129885982895
reservation:0.000863098987687
