maximal monotone operator:0.00615860349745
variational inequality:0.00720758894293
bregman function:0.0185531795214
proximal point method:0.0152699110593
gradient:0.000695425214401
maximal monotone 31:0.00305398221186
fx:0.0107325993789
closed:0.000799778364496
generalized:0.00349485338663
fy k g:0.0179737108664
proper closed:0.00397568132601
fy k j:0.00916194663559
corollary:0.00209235273396
fu k:0.0031471100918
zepkowitz:0.00132498421514
also 9 21:0.00305398221186
