markov chains:0.00171874113556
distributed video servers:0.00199813087614
reliability modeling:0.00600209095129
decreases:0.0017706109798
oezden:0.000578051645434
scenarii:0.000578051645434
schemes mirr:0.00760267756022
inexpensive:0.00068862767071
striped:0.00183135483389
dependent:0.000701729454055
parsome:0.000578051645434
higher server:0.00253422585341
ratios:0.000700207533048
grouped:0.00481131213452
video server:0.0156840948998
