lookahead:0.023385968789
conservative algorithms:0.0101577304322
parallel simulation languages:0.000826621289504
sends:0.000803765610946
chronousness:0.000717387503999
null cond anm:0.00247986386851
avoidance:0.000610053644645
sequen:0.000579601236218
processors null:0.00786286579418
protocol dependent:0.00375847646436
switch:0.00301417434193
isp:0.0236370353227
executed:0.000634666539017
protocol efficiency:0.00314514631767
metric:0.0010753824769
one processor execution:0.00303119431375
safe:0.000606883379545
degrade:0.0010522030352
