tracking:0.00324211734094
visual surveillance:0.00810211698268
computer vision:0.0100802559872
frame:0.00202242136237
camera:0.00120632828826
meetings:0.00186815581293
daniel:0.00125403939905
continue separately behavior:0.00466762476769
n heads dynamic:0.00350071857577
thonnat:0.00101262275918
heads:0.00140567574666
joint:0.00117061862326
warping:0.00122824767829
lighting:0.00107614638128
anomalous behaviors:0.00221984409477
computer vision:0.0100802559872
agent:0.00310910921011
