computational geometry:0.00266537819698
computer graphics:0.00138508078088
aspect ratio:0.00759978010382
binary space partitions:0.00873576683358
rectangles:0.0651672242441
polyhedra:0.0010489445237
o n 4:0.00460967252605
office:0.00157741631806
nonorthogonal:0.000849615349846
split c:0.00310728714398
box b:0.00744050862513
face of b:0.00564040094496
interior:0.00605314360159
csaba:0.00200646773269
projections:0.000906512813267
hidden surface:0.00854503964594
proportionality:0.00627137357318
alpha:0.00128772894649
faces:0.000998547758098
viewpoint:0.00205854705898
lemma:0.00101691365717
nonorthogonal:0.000849615349846
ff:0.00196031827459
