computational geometry:0.00465103203925
plane sweep:0.00898766145685
robust algorithms:0.00143204419947
reporting:0.00202498452013
double precision:0.00307883723483
n time:0.00222614965926
sorting:0.00112816594466
vertical:0.00210902633875
misplaced:0.00530003780161
dioeculty:0.00184904333152
visible:0.00108690107952
kl:0.0250353810271
o n:0.00609745276887
sign:0.001128452917
arithmetic:0.00635639168036
