access control:0.00691401077703
aliasing:0.00326438366619
sharing:0.00158794232228
protection domains:0.00808238254984
prohibition:0.00104371816194
right to invoke:0.00266055730109
createrootspace:0.00115453387811
class bridgefactory:0.00189808902113
jflow:0.00288633469528
ownership:0.00138188540408
references:0.00178065554097
protectedobjspace space:0.00253078536151
mediate:0.000978846955212
child space:0.00632696340378
remote:0.00147531318159
hawblitzel:0.00115453387811
