security policies:0.0234673815283
proof carrying code:0.00175445408593
safety properties:0.014835903158
security automata:0.0248260824887
obj oper:0.00377548707549
em work:0.00206884020739
orlovsky:0.000943748548015
franois:0.00107642972709
formalism:0.0032729694057
ferrari:0.00137828805658
untrusted:0.00131229010502
unenforceable security policy:0.00217503512451
ulfar:0.00188749709603
grenier:0.00188749709603
coincides:0.000981890821709
objects:0.00107360350998
policy of interest:0.00326255268676
principal:0.00246345776172
workshop:0.00206340449569
principals:0.00293303973768
access:0.00194622654676
executions:0.00856186810399
objects:0.00107360350998
hardware traps:0.00206884020739
security policies specified:0.00543758781127
