bisimulation:0.0034297128088
verification:0.00127588509479
modelling:0.00261220511242
mobility:0.0110399527502
internet protocols:0.00148040350459
generated by fl:0.00849047184252
mam:0.00409349596704
configuration for stat:0.00283015728084
presenting a new:0.00188677152056
vip:0.00132290864267
calculus:0.00199800875713
stabilization:0.00244059566288
bisimilar:0.00123074111066
fstat:0.00163739838682
routed:0.00130041187616
forward:0.000901867658892
forwarded:0.00252240564805
admissible configuration:0.01794681974
admissibility:0.00158168442104
theta dn:0.00296080700918
idle:0.00285166450202
subsumes:0.000854616455656
bring:0.00113571667713
control directives:0.002692022961
property of admissible:0.00188677152056
routing:0.000859397501647
atomic:0.00118724590756
ma:0.00383187178233
cached:0.00104431097006
