anonymous communication:0.00702714115163
anonymous multicast:0.00340758003192
messages:0.00425225645275
centers:0.00130737640054
ffl anonymous:0.00340758003192
forth:0.000940008242835
decrypts:0.0021158933129
revealed:0.000851217287264
