processor architecture:0.0006186918754
list encoding:0.0162577885324
generations:0.00195263528585
new vliw:0.00304833534983
usage:0.00132593930108
cyclic:0.00358395619386
generation:0.0024215936703
codes:0.000844531395606
fetch:0.00214523691365
unrolling:0.001331595905
id:0.000765460957911
schedules:0.00370467169168
hyperblocks:0.00224697678534
list encoded:0.0233705710154
list encoded schedule:0.0106826699484
cycles:0.00178357209065
register:0.0036615619702
pages:0.00235733451063
n old:0.00278149822154
code:0.00332722642266
