parallel computation:0.00159420474207
exponential sums:0.0105494321894
modular inversion:0.0123076708876
standing:0.000747125766582
rings:0.0015146419881
squarefree:0.0231182279945
inequality:0.00183503431092
representing the least:0.00369731830932
concurrent:0.00068033269109
adc:0.00259180903367
boolean function:0.0101833286548
modulo each prime:0.00338948753729
fields:0.00103714973467
num:0.000710214804567
circuits:0.00129746632018
