networks:0.000881028841164
routing:0.0138203267259
algorithms:-0.00223931105299
sorting:0.00734340738931
meshes:0.0093528316466
randomized:0.00534758270488
corrects:0.000863207341532
subsets consisting:0.00312037163222
informatik:0.000811719995031
reached:0.00110833956175
chess:0.0008752880717
informatik:0.000811719995031
jumping:0.00238289464746
dimensional sparse:0.0213542158659
internally:0.00118417195303
bipartite:0.00677122230922
thereafter:0.00126045998196
successor:0.000967202752101
indices:0.00118036806028
buses are called:0.00328076009129
routes:0.00503684300449
hingham:0.00106984091427
towers:0.00101291263371
