distributed:-3.00014886245e-05
cooperative:0.00116198016797
conversational systems:0.00703159718908
conversant:0.00186221377584
identify resource:0.00306168629688
trips discourse:0.00204112419792
clarification:0.00463834143048
barths an intelligent:0.00214589268017
porzel:0.00186221377584
trucks:0.00157883828183
improves portability:0.00279368048865
task specific:0.00243916068884
excerpt:0.00366012244853
george:0.00101972848903
monroe:0.0033669455286
utterances:0.00582620297785
ellipsis:0.00157883828183
abandon:0.00117995484557
