fault recovery:0.00110318049815
admission:0.00121240279625
induced:0.00119688135868
workload:0.00137904542665
teams:0.000688191973655
m al:0.00244061913497
recover:0.000688108446208
task sets:0.00302559234778
consequences:0.000715335652432
ions:0.000890944009572
schedules:0.00325052375265
ready:0.00193882278171
checking:0.000620963575069
