symmetric matrices:0.00688057638174
tridiagonalization:0.0391378512182
zentralinstitut:0.00112655662736
storage:0.00306633900697
lkmath:0.00112655662736
routines:0.0021162827301
working semibandwidth:0.0185223431442
ulich:0.00101842625386
constant sequence requires:0.00259647996625
rutishauser s algorithm:0.00908767988188
algorithmic:0.0013649323162
