cograph:0.0131918136456
linear layout:0.017592651903
graph searching:0.0138375301609
profile:0.00406665785039
interval graph completion:0.0029327033987
search cost:0.022049768503
vertex separation:0.020887062759
lung:0.000960299766503
progressive:0.00245391766311
set e:0.00303438766066
w last:0.00321339427062
vertices:0.00701819414001
vs sum g:0.0118250439031
canonical representation:0.00580257065868
cographs:0.00662534597629
haiko:0.00146575707173
searchers:0.0216380070672
golovach:0.00146575707173
corona:0.00132506919526
jz:0.000943922238293
bibliotechnaya:0.00146575707173
search:0.00486384821139
corolary:0.00146575707173
remove:0.000878517892794
recontam:0.00146575707173
r procedure:0.00321339427062
ug:0.000978090136352
dieter:0.00104310285211
