substrate coupling:0.021591452328
eigenfunction:0.00197410427014
diference:0.00118714646158
dct:0.0143764243683
resistively:0.00131319053184
p type:0.00356208644859
aimed:0.00100340078111
decom:0.000987052135069
conductivity:0.000958917939457
eigenfunction decomposition:0.00262685824048
gigahertz:0.00118714646158
lateral dimensions:0.0028788603104
fabricate:0.00106097032831
non unif disc:0.00454018325918
common substrate:0.0028788603104
extraction of circuit:0.00302678883945
speedup was obtained:0.00277478490923
multilayered:0.00118714646158
macromodels:0.00131319053184
analog:0.00306806321099
eigendecomposition based:0.0028788603104
gigahertz:0.00118714646158
modes:0.00139524602276
