sequencing by hybridization:0.0165055114502
eulerian:0.00557031522879
incubating:0.00920775897256
su cient:0.00243240160043
taaaca:0.00306925299085
high probability:0.00376304129109
ctg:0.00409233732114
merck:0.00204616866057
number of substring:0.00235793020718
elongate:0.00102308433028
