maximum likelihood:0.0036991628642
covariance matrix:0.00411558384221
conic fitting:0.00683188836837
renormalisation:0.0585511383191
sor:0.00140169882117
increment k:0.007807872421
foriii:0.00292755691595
heteroscedastic:0.00264656098988
anton:0.00203539596472
take b:0.00426065533222
fitting:0.00812202130374
formula:0.00144754993875
guess:0.00245344071934
smallest eigenvalue k:0.00449808776222
otherwise increment:0.00736955433763
noise:0.00324113073736
schemes:0.00188138794369
biased:0.00121782046762
eigenvector for k:0.010120697465
renormalization:0.000827355589911
einstein:0.000788423549861
set 2 assuming:0.00562260970277
algebraic:0.000972973164008
com k 1:0.00562260970277
motion:0.00105970691228
