believability:0.00584593970165
social agents:0.0021593413939
mental:0.0085335719028
binnet:0.00197005419752
formalized:0.00159655929917
desirability:0.00129069313214
happiness agent l1:0.002270194764
rousseau and hayes:0.00794568167401
