trento:0.00247657207187
gmez:0.00186150120026
mentalistic:0.00866800225155
among actors:0.00271462174892
complexity intrinsic:0.00271462174892
whymyampersandrdquo:0.00123828603594
