finite state machine:0.00754754087563
state encoding:0.0122629392057
underline:0.000840391944214
functional decision:0.00280905921033
pleasant:0.000863556355121
bit re:0.00769635085896
subroutine:0.00254078974604
tbdds:0.00280851355004
obdds:0.0379404041372
characteristic:0.00118739312227
carla:0.000999336298875
circuit:0.000696427791469
reordering techniques:0.00307854034359
transformations:0.0101995566233
