yanwei:0.000819534506042
cluster node point:0.00377739403186
anomaly:0.000870945359477
two mpi:0.00628779648747
multiprogrammed:0.0025964089732
mpi system tmpi:0.0028330455239
facilities:0.000905539449164
op:0.00103021703032
event driven synchronization:0.00377739403186
lightweight:0.00152694516721
saving:0.00164404445864
mpi:0.0756123835277
