feature selection:0.0172680980671
data clustering:0.0129299700594
waveform:0.00343522353435
likelihood:0.00295341400488
devaney:0.000769463957189
assess the relevance:0.00531983998195
rest:0.000765273183813
cultura:0.000769463957189
testing:0.000899662437252
rel l l:0.00265991999098
benets:0.00134736808042
univariate:0.000736830574221
explanatory model:0.00307818346936
ijjrest:0.00230839187157
