simple polygons:0.00471494785661
solid modeling:0.00304302993071
constructive solid geometry:0.00197857743597
represents h:0.00399728737347
dm:0.000684093246103
pay:0.00173478758175
string:0.00155467787831
persuasion:0.00117861803196
lca:0.00657901967941
naive:0.00122424440707
polygons:0.00566357722176
h u v:0.00677949812799
convex decomposition:0.00218843003364
ldlog:0.0014588061503
incident:0.00155657904882
