file sizes:0.0659959509308
analytically:0.000879152588006
users:0.000900824451707
dataset lognormal:0.0115098647567
lognormal distribution:0.0102309908949
explains:0.00137299736371
actual cdf figure:0.00403368234989
world:0.00182376396999
sizes:0.00836451884245
ceeds:0.000942647136439
