decomposition:0.00712404095183
parallel computation:0.00171198440604
analytic center:0.0130091251141
cutting plane method:0.0181976419443
cluster:0.00194786701434
ibm:0.00167672551475
cheney goldstein:0.00188813717212
objective:0.00144650119899
machines:0.0016139850313
optimality cuts:0.00188813717212
regularity:0.000877949978182
rerouting:0.00229903040748
stright:0.000861326567115
gammaha:0.000861326567115
angular linear:0.00849661727454
links the independent:0.00198503384382
jobs:0.00124607635374
analytic:0.00594957966743
convexity:0.00114414564191
