register transfer level:0.0012797199074
test piggyback:0.00347140916824
lines:0.0011419567435
output behavior:0.00246106741052
bit:0.00276644278994
akron:0.00158359559207
fault:0.0196644145774
tiplexers:0.000791797796034
inadvertent load:0.00260355687618
loading:0.000920517182709
