recursive algorithms:0.000923173147455
matrices:0.00376158854782
transposed:0.00116779201768
ap call:0.00579393270017
mflops:0.0349818685749
p to rp:0.00487314774239
memory:0.000975406868918
l rpc algorithm:0.00609143467799
recursive:0.0141687396607
rpc:0.0437273357186
symmetric:0.00111519168521
factorization algorithm:0.0049389474722
alpha ev6:0.0034763596201
copied:0.00207842819699
factorization:0.0107669586797
slowly:0.00100810696735
