caches:0.00347527055709
quicksort:0.0608638768455
mergesort:0.144875707618
memory performance:0.00613945789228
cycles:0.00677808274904
mergesorts:0.0103113475019
flash:0.0226877931356
offs:0.0010236512124
element data set:0.0267342356768
brodal:0.000776802718532
warnow:0.00145704272199
moderately:0.000874487575321
shows the comparisons:0.00396062750767
sun ultra:0.00788240350422
journal of experimental:0.00342429953174
lists:0.00086029441305
flash quicksort20060010001400:0.003767296041
tiled:0.0406184336002
end workstations:0.00324454879808
