invariants:0.00910159985748
clifford groups:0.000938143703282
spherical designs:0.000856022957702
macwilliams:0.00232130284313
extraspecial:0.00684737284186
hilfssatz:0.000855921605232
hm:0.000999173029878
gl m:0.00281443110985
orbit:0.00199834605976
p m:0.00557235353157
commutator:0.00154753522875
parabolic:0.00569710732414
doubly even self:0.00394514897762
aut mm:0.00281443110985
su:0.000874707972908
prime ideal:0.00281443110985
preserves:0.0012152594899
nontrivial:0.00119229925068
