ad hoc networks:0.00749330766721
source routing:0.0045158831254
identied:0.000860303027805
b c causes:0.00317104054769
simulation:0.00170912848996
circles:0.00100458977146
resets:0.00245979935695
mobility:0.00239406615629
circles:0.00100458977146
nbr:0.00148220826224
broadcast:0.00436456762023
packet:0.0322644460064
failures:0.00167280135313
agetime:0.00183456766344
partiallsi:0.00183456766344
adds:0.00102773075263
repairing:0.00191323604957
