preemption:0.0690944193228
schedulability analysis:0.00567297376607
cache memory:0.00373523654549
worst case preemption:0.00741644750132
preempted:0.0126559131509
vi:0.000547904021741
ernst:0.000889764941137
partitioning:0.00086578133533
pessimistic:0.000984129807495
mapping 2:0.00315165209226
intervals:0.000840695272497
axil:0.000780092141771
busy:0.000559703742912
unschedulable:0.000542362264188
multiplying:0.000703561020152
maximum objective function:0.00359555725494
scenarios:0.004605958444
case response times:0.00329619888947
