extractors:0.032234486183
pseudorandomness:0.0037481960678
randomness:0.0143311505584
expander graphs:0.00239825367744
log:0.00256647339167
beat:0.00105830179276
inspired:0.000883348515525
oracle:0.00302450337902
indistinguishable:0.00358894420669
time 2 o:0.00280211182203
expander:0.00188768955477
