compilation:0.000633294090271
generic classes:0.00335033198584
snd gamma:0.00311209803563
soundness:0.0077086264301
notices v 41:0.00254733147016
class pair:0.00389012254454
flatt:0.0018054939739
expression new:0.00283967941777
typecast:0.00141970029022
sion:0.00136885944068
newfst:0.00993790203153
featherweight:0.0113576023217
sensible:0.00106634522269
reduction:0.00124412845714
