competitive analysis:0.00342721852025
treats:0.000937521899231
strict competitiveness:0.0025360510801
self:0.000780012070751
timestamp:0.0016165606481
fx:0.000749650340358
wait:0.00289723703072
requesting:0.00100062666342
stengel:0.00115684331538
game trees:0.00655245146193
randomized list update:0.00399946029698
optimal competitive:0.00313791994447
adv:0.00347813858445
