context:-0.000512738397645
type system:0.0113337329528
dom:0.00576577215416
free variable:0.00401768098921
minamide:0.00105196651307
app ll:0.00345915743307
abstracted:0.00613191869412
substituting:0.00102637116811
context application:0.00695139031531
type theoretical:0.00315635884637
manipulating:0.0016306406438
preprint:0.00124317113606
hygiene:0.00190199105676
ohori:0.000891887399601
