congestion control:0.00192450160439
varied:0.00157322369419
analytical:0.00147540403196
slight:0.000598342777278
intermediate:0.00108263318056
throughput of tcp:0.00930773002001
transporting:0.00125416461887
endpoints:0.000603681804996
fx k k:0.00203061024669
window:0.00935175120299
