scheduling:0.00722491677987
tdma:0.00843954072965
flows:0.000612185073272
perfect:0.00093540863885
input output port:0.0032279881751
non critical:0.00295697981325
permutation matrix j:0.00430398423346
periments:0.000601320650899
ports:0.00576201066138
critical:0.00356826721748
