competitive analysis:0.00315792551241
jitter control:0.0330055133337
periodic:0.000972053063972
moved:0.000886203870575
bounds:0.00104615405601
released at time:0.00255897836382
mumbai:0.000723021140741
buffer of size:0.0028927670608
sajal:0.000770937981717
maharashtra:0.000723021140741
packet:0.0161516927508
