internet protocol:0.00135769182926
traceback:0.0218803494113
network:0.000830799983041
distinct y values:0.00302002036447
deluged:0.00087360892783
venketesan:0.00087360892783
recovered:0.000956757944271
algebraic:0.00540039495271
