mobile computing:0.00291060964262
replication:0.0249764322682
meeting:0.00110930030057
bytes per le:0.00236529664634
directly synchronize:0.00307927610867
desktop:0.00106207875885
masters:0.010955245457
synchronization:0.00654451884732
viable:0.00127392523723
elapsed:0.000931547761439
mercial:0.00102627965329
