real time:0.00795964773611
temporal logic:0.00797149475676
completeness:0.00373404609734
axiomatization:0.00585571827271
axioms for real:0.0020571946048
qualitative:0.00406061499428
ffl:0.0011840540588
floe:0.00403658530341
portuguese:0.000595135743623
oe 2:0.0142811370898
automaton:0.00194932099404
prediction:0.00119238226426
attributing:0.00096165994194
inequation:0.000894660739862
right closed:0.00535666267908
singularity:0.000887069222988
