windows:0.00107280042681
pen up detection:0.00295772333899
covariance:0.00113659587188
skilled:0.000997207474064
comfortable:0.000913374747733
signature verication:0.00492350541722
stroke classication:0.00422014750047
viterbi:0.0013700621216
surface:0.0010036762139
