routing:0.0060052718946
topology:0.00613916608178
overlay networks:0.00458521592946
network:0.00123648738483
application level multicast:0.0051274819864
matching node:0.0027740268142
joins:0.00290701798272
group:0.00224484501082
path:0.00238851573385
tag 50 tag:0.00239706691694
aligns:0.000943881232773
leave:0.00261877384175
flag:0.00105476012528
router to router:0.00219749227988
ip:0.00636141079155
traffic:0.000865466904079
ft figure:0.00304014718888
metric:0.00193047180344
last hop:0.00392744788317
multicast protocol:0.00260635169012
