streaming media:0.00821244480035
multiple description coding:0.00703375439323
bgp:0.00188135022531
rm:0.00112042864461
allcast:0.0012107040492
cooperate:0.000939702241335
load aware:0.00398088446908
gofs:0.0012107040492
mohamed:0.00101345854249
september 11:0.00513277800022
distributing:0.00155302752639
designated:0.00130299143834
server redirects:0.00265392297939
snr:0.00547135524443
