parallel processing:0.000441865703975
multiply:0.00105174098106
algorithm 3 1:0.00234836509582
algorithm 3:0.00606719969367
multiplications:0.00142195544767
synthesized:0.00108354720444
entered:0.000657271457619
dependence:0.00154312890174
wavelet:0.00474527697846
matrix g:0.0035459321988
