scheduling:0.0108179772135
gang scheduling:0.0232916406293
fair:0.00184763259014
allure:0.00123363718051
supercomputer:0.00116493027992
cpu:0.00908655228828
jobs debug:0.00270442859676
job initiation:0.00270442859676
partitioning:0.00182552801695
andy b:0.00270442859676
field shows:0.00405664289514
unicos:0.00334568665752
using automatic self:0.00284336274898
piecemeal fashion:0.00270442859676
nice:0.00151646145424
daytime:0.00446091554335
disk:0.00299962399636
pools:0.00238332311225
supercomputer:0.00116493027992
resource:0.00428614118814
