semantics:0.00617714632087
relational parametricity:0.000863595331831
specification logic:0.0104126886541
rel:0.00131909775634
observable:0.000967782102778
array:0.000877005697194
object oriented programming:0.00499355141231
predicate:0.00127905305337
var int:0.00259078599549
specifications:0.00224412250092
encodings:0.00112380930618
denotational:0.00304618706911
restriction:0.0008322925149
passive:0.00129037613704
x oe:0.00271163080035
thetaz:0.0014245757539
object based:0.00304475113098
coercions:0.00122436427197
