storage:0.00106344431155
markov model:0.0226060509365
amortized:0.00734267158234
application i o:0.00982421778386
parallel le:0.00436829088819
greedy xed:0.00873658177638
assessment:0.0015904246265
sizes:0.00190468793634
radar:0.00161125692306
disk:0.00201876569031
compression:0.00166362688706
