segmentation:0.0205123438244
texture:0.0268828551381
grouping:0.00344493665423
cue integration:0.00132992292857
normalized cut:0.00555416045776
texton:0.0286841295821
two pixels:0.00498905186004
neighborhood:0.00120213838354
w ij:0.00442305413395
eigensystem:0.00157022584188
contour:0.0185544312492
curvilinear:0.00142092516408
window w:0.00171452109208
charless:0.00118845084085
eld:0.00137035133991
thickened point:0.00322451101922
region boundaries:0.00303954841071
modify the weight:0.0016949647892
upgrade:0.00102270243203
deniz:0.00114289777142
belongie leung:0.0112857885673
hypercolumn:0.0029419529465
perona:0.00366386029772
pixels:0.0140873631834
