computational logic:0.00137328277935
abduction:0.00926026409987
negotiation:0.025133782697
termination:0.010809561655
dialogue:0.0773955038494
unfolding:0.00538581057794
dialogue with respect:0.00374582136061
threat:0.00139551093503
terminated:0.00239441351351
exchange:0.000861701431385
supposed:0.000831804814748
literals:0.00193068592373
restrictions:0.000928111443963
resource reallocation problem:0.0024972142404
form tell:0.00237524316421
reasoning:0.00238116274268
derivation:0.00101640188962
reect:0.000979502588581
acceptable exhaustive:0.00593810791052
innite:0.00392453383104
abducible:0.00541750140722
example 5 could:0.0024972142404
schemata:0.00139551093503
