query by melody:0.00815851243314
spectral modeling:0.00155193409877
musical:0.0134899594519
precision recall:0.0105329730078
spotting:0.00120036235998
notes:0.00554364901677
audio:0.00689587139953
digital:0.0016087255061
wav:0.00120036235998
cov:0.00196869216695
jm:0.00219779165022
variability:0.00445351884403
capture:0.00115697213912
database:0.00166663267925
