distributed:-0.000857985827195
data streams:0.0102440925261
waves:0.00332326018263
sliding windows:0.0136751457266
egr:0.0021020779519
recent 1:0.0118318751108
o 1 worst:0.00503871324749
altogether:0.000861631738918
crest:0.000650596443107
referee:0.00429078341529
cascading:0.000850480044497
scenarios:0.00156550217864
absolute:0.00102765356783
aggregate:0.000742601615337
estimate the number:0.00252118616558
hashed:0.00134719547233
