dynamic programming:0.0111797409437
parallel algorithms:0.00118641988164
string editing:0.0122735379929
evolutive:0.00123259925896
coarse:0.00159877923073
parallel dynamic:0.017934631747
symbol:0.00125836684412
intervals:0.00146939326485
crossing:0.00231894024032
extremity:0.00115598834592
o t 2:0.00942954760537
intervals:0.00146939326485
commented:0.000838473805387
redistributes:0.000970309933347
scoring paths:0.0074727632279
gu:0.0016538023718
crossing:0.00231894024032
o n 2:0.00371423911221
