congruence:0.0182501009878
graph accessibility:0.00109965358758
dene an algebra:0.00280316711267
theorem 2:0.00446155313194
koubek:0.00121620354606
gen:0.0188350789786
strongly:0.000706563158239
demel:0.00121620354606
zi:0.00231186980679
lie:0.000932903338573
fully invariant congruences:0.00560633422534
similarity:0.000916803939622
auxiliary:0.000733924709283
input instance:0.00294832996334
