infinite words:0.0241008117448
fixed point:0.00443713145395
morphism:0.0205829644155
case f holds:0.00353414364174
reasoning:0.000673896832202
words we say:0.00353414364174
pointed:0.00221458642409
jwj:0.000864801154593
reconnaissables de mots:0.00883535910434
finis:0.00129990460447
equivalence:0.000663073933375
und:0.000830168136196
nontrivial:0.00106788541582
induction:0.0012231964295
mortal:0.0030664321857
