bisimulation:0.0218184038307
verification:0.000624357642298
concurrency:0.000684135949131
process algebras:0.00259617620205
theorem 24:0.00428536795966
subsumes:0.00109779797839
rule:0.00190888212793
fi 2:0.00272480774585
xfif:0.000701106961283
preorder:0.00124280943366
subclass:0.000874950443618
deadlocked:0.00307177378918
adapted:0.000618317006523
skukv:0.000701106961283
state ones:0.0030737627834
ffi:0.00211221752307
y fif:0.00230532208755
rkt:0.000701106961283
free processes:0.0076844069585
