dependent types:0.00916250785488
object:0.0056527689071
expression:0.00126039066489
undeniably:0.00207778073902
organization and reuse:0.00296377561984
erasure semantics:0.00485556742384
dispatch:0.0302623033411
guarded:0.00713989267549
ms:0.00514090481303
msggetfst:0.0141444775268
