treewidth:0.042020731404
minimal separators:0.0604425507423
potential maximal cliques:0.0623240915743
multifrontal:0.000652132626693
done in linear:0.00347932223219
mosbah:0.00106045384741
maximal:0.0226498382168
removing:0.000642688425968
j jg:0.00900962076015
tree decomposition:0.00251870386602
yg:0.0012379368359
width:0.00097236329284
decompositions:0.00122697355528
minimales:0.00106045384741
monadic second order:0.00394295213208
