algebra:0.00160869817336
bialgebra:0.000805472298361
coalgebra:0.0021844817619
comonad:0.0515502270951
distributive law:0.0233037353101
kleisli construction:0.0185396807509
monad:0.0582016392293
characterised:0.000940280268563
left 2 adjoint:0.00649698723306
category together:0.00353136776208
seman:0.00112001584451
inc sending:0.00353136776208
td dt:0.00529705164311
mnd:0.0587994777804
sends:0.0034293342656
td:0.00439644242772
coalgebras:0.00751192783406
xn:0.000688811688771
category k:0.0282509420966
comonads:0.0273860581443
cells to eilenberg:0.00464070516647
claries:0.000682902530369
liftings:0.0152913723333
k admits eilenberg:0.0129939744661
category together:0.00353136776208
jid:0.000805472298361
readership:0.0007281605873
powerset:0.00247665076109
liftings:0.0152913723333
inclusion:0.00119767261195
kick:0.0007281605873
