logic programming:0.00597252985172
nonmonotonic reasoning:0.00215204187818
stable models:0.0117324988594
constraint satisfaction:0.00646165082924
circumscription:0.00978480323355
conjunctive queries:0.00430408375635
parameterized complexity:0.0067042850625
prime implicants:0.00860816751271
undirected:0.00226862351803
fx:0.000862931040813
parameter complexity:0.00799091438223
deals:0.000764297991188
reduce to parameterized:0.00511497942006
csp:0.00825427674148
k truth value:0.00716097118809
deciding:0.00106369907682
falsifies:0.000648267623322
downscaling:0.000887770339898
sat complete:0.00291916859772
downey and fellows:0.00409198353605
myampersandpgr:0.000752677171811
feedback width:0.0107036181916
semijoin:0.000752677171811
ut:0.00588384758705
fp tractability:0.00389222479696
small models:0.00355151750321
truth value assignments:0.00409198353605
parameterized problem p:0.00409198353605
fp tractable:0.0223802925825
minimal:0.000961150759574
malignant:0.0048153564566
constraint scope:0.00335214253125
parameter complexity:0.00799091438223
sigma p:0.00502143104908
smc:0.0284086508768
