pattern matching:0.00148360433184
algorithms:-0.000783692005016
characters:0.000721695352759
flajolet:0.000774261016935
arcs:0.000923365689642
arc:0.00464438972055
o n:0.00313420746339
two deferring edges:0.00315701648664
descendants:0.00312825475746
edges:0.00765507259986
wv:0.000737827394817
back:0.000721976962396
resort:0.00165786317119
endpos:0.00182645626018
full skip:0.00500481590285
substrings:0.0025755036912
leaves:0.00197728820582
trivially:0.000971662774548
subtree:0.00168932290369
originating:0.000785398398337
consecutive:0.00087562807044
cumstance:0.00091322813009
backup:0.00195913883094
suffixes:0.00231459560915
directed:0.00165521494123
fl to j:0.00420935531552
