definability:0.000981266788551
continuous time specification:0.00145547177416
cylindrification:0.00378884375146
variability:0.00198634409658
projection:0.0013743461938
stut 1 l:0.00582188709664
formalism:0.00131399086204
duration calculus:0.00342577735681
