induction:0.00608414341462
rewriting:0.00595479997051
observational semantics:0.00272567324801
subsumed true:0.00272567324801
irreducible:0.0120508477714
prover:0.00163482635377
induction positions:0.00272567324801
proving the correctness:0.00339941234837
pop z:0.00331610728339
subcontext:0.00281116854033
incrx:0.00165786351973
formal development:0.00262499779064
jrj:0.00367665324775
valid:0.00210094428916
rule:0.0024181143571
