security:0.00105458205681
wireless sensor networks:0.00474888171929
ttl:0.00214891036679
propagation:0.00304693429942
improved system carrier:0.00755907373882
neighbors:0.00734802818329
monitoring sensor:0.00269629843706
respond:0.000986702046166
ectiveness:0.000994607551643
xmit:0.00417131366383
basic system carrier:0.00661418952147
inter:0.00142418349945
receives an alarm:0.00283465265206
rec:0.00443993053785
