security:0.0103153845463
byzantine failures:0.00329594507005
adaptive probing technique:0.00434950228058
hoc:0.0140573589391
appended:0.00100282065213
list see:0.00267230526985
adversarial:0.00777282355263
certificate:0.00121535686706
link after log:0.00434950228058
req:0.004739350704
infrastructures:0.00111513797768
