programming languages:0.00118126670964
concurrency:0.00104769430737
semantics:0.00232825659398
ethernet:0.00803374237401
broadcasting:0.0064597989299
calculi:0.00673547963796
p rec x:0.00247458312041
database:0.00126389818212
inconsistency:0.00198725068675
higher order calculus:0.00494916624083
modelling:0.00137031166747
renement b:0.00470744122057
hx:0.00177900530601
candidate relation:0.0152991839668
weak:0.00311641360815
resumed:0.00126883588994
everything it hears:0.00247458312041
mes:0.00166670491104
transmitter:0.00117413394191
howe s basic:0.00247458312041
profile:0.00372359210569
composition:0.00421226672455
gustavsson:0.0010736839266
contains its compatible:0.00371187468062
