maximal matching:0.00765734803096
stack accesses:0.00294513385806
stack frames:0.00217946643962
rc:0.00240732414604
signicant:0.000828900679546
segments:0.00220978183522
ush:0.0112321147864
mercury:0.0182069843704
path:0.00141899158497
compress:0.00134165164463
stack frame:0.00370367329683
variable via:0.00410356884024
benets:0.00509910296698
accessed:0.0010760193302
mmc:0.00201662206556
