mobile computing:0.00118391127421
metadata:0.0596956482037
semantic file system:0.00240525905899
data store:0.0103793898327
desktop:0.00162002658669
attribute:0.00119795554444
synchronization agents:0.00571947991208
blue:0.00198468801005
store:0.0030615012094
gunpowder:0.00313084186998
stores:0.00834857540979
switch among multiple:0.00240525905899
clippings:0.00104361395666
file the application:0.00240525905899
xset:0.00208722791332
productive:0.00123330042543
laptop:0.00348198394145
users to organize:0.00240525905899
migrating:0.00128355366426
web clipper:0.00228779196483
