hypergraph:0.0408835244531
transversal:0.030446699113
branching:0.0226292012072
mintr:0.0165432179177
ffn:0.012786445915
psi:0.0118880582771
rossmanith:0.0113734623184
transversals:0.0113734623184
niedermeier:0.0103395111986
branchings:0.00916736228746
hypergraphs:0.00844447863094
6737:0.007237657839
vertex:0.00648714729548
6538:0.00620370671915
mintrnonr:0.00620370671915
mintrexp:0.00620370671915
subcase:0.0060893398226
hitting:0.00559407008782
vertices:0.00552445490241
edges:0.00541029313908
6316:0.00516975559929
4656:0.00413580447943
fxg:0.00385478464616
jhj:0.00380583738913
yg:0.00380583738913
kullmann:0.00366694491499
hyperedges:0.00366694491499
fx:0.00348097343411
gammaff:0.00319661147876
4143:0.00310185335957
branching number:0.0299305951942
2 edges:0.0212427331726
a hypergraph:0.0174209251171
psi k:0.0172676510736
minimum transversal:0.0149652975971
the branching:0.0138735345583
hypergraph h:0.0134436308479
and rossmanith:0.0126629441206
the hypergraph:0.0124095053981
o 1:0.0117518060902
niedermeier and:0.0115117673824
the transversal:0.0103605906442
3 uniform:0.0103605906442
a transversal:0.00930712904855
branching numbers:0.00920941390592
running time:0.00911631056488
hitting set:0.00805823716768
transversal hypergraph:0.00805823716768
mintr h:0.00805823716768
1 6737:0.00805823716768
psi 0:0.00805823716768
hypergraph with:0.00805823716768
for case:0.00799287611363
f h:0.00774207721613
case 4:0.00774207721613
h is:0.00754749168637
hypergraph is:0.0073351263651
1 6538:0.00690706042944
number branching:0.00690706042944
4 subcase:0.00690706042944
niedermeier and rossmanith:0.0121980698459
branching number is:0.00853864889213
for case 4:0.00853864889213
o 1 6737:0.00853864889213
4 subcase d:0.00731884190754
2 edges are:0.00731884190754
the minimum transversal:0.00731884190754
number cases for:0.00731884190754
subcase d 2:0.00731884190754
is the hypergraph:0.00731884190754
number branching number:0.00731884190754
case 4 subcase:0.00731884190754
and rossmanith s:0.00731884190754
cases for case:0.00731884190754
the branching number:0.00731884190754
psi 0 k:0.00731884190754
of 2 edges:0.00731884190754
the transversal hypergraph:0.00731884190754
branching number branching:0.00731884190754
of the branching:0.00731884190754
branching number cases:0.00731884190754
a hypergraph h:0.00661678174261
t r h:0.00609903492295
1 6316 n:0.00609903492295
rossmanith s algorithm:0.00609903492295
the branching tree:0.00609903492295
transversal hypergraph problem:0.00609903492295
3 hitting set:0.00609903492295
for a hypergraph:0.00609903492295
minimum transversal problem:0.00609903492295
