linearization:0.000427380829328
a:0
and some:0.00023417206684
