distortion:0.0151174041931
bartal:0.0142436765882
metric:0.0110082906477
metrics:0.0104450146883
ws:0.0092164966159
steiner:0.00852073853569
metrical:0.00807285850276
log:0.00799117397739
cut:0.0078439006489
hsts:0.00682879722731
embeddings:0.00642799010942
approximating:0.00600418074697
embedding:0.00536440678709
laminar:0.00504553656423
approximation:0.00491868860562
cuts:0.00477816224384
competitive:0.00459532562343
trees:0.00442199191479
separates:0.00431124895903
center:0.00389589575496
spaces:0.00384508042989
stretch:0.00374712901871
outerplanar:0.00373385631575
settles:0.00373385631575
mendel:0.00373385631575
charikar:0.00373385631575
hk:0.00363580214154
vertices:0.00359337931016
spanning:0.00351161500948
labeling:0.00346457551421
u v:0.0319636514011
log n:0.021167193842
o log:0.0188054793856
tree metrics:0.0161487136122
level i:0.016075476393
at level:0.0143411134541
d u:0.013492168117
v d:0.0112434734309
approximation algorithms:0.0108923861668
metrical task:0.010137534127
separates u:0.010137534127
log log:0.0099026279168
approximation algorithm:0.00959541172583
metric spaces:0.00902138951109
cut decomposition:0.00887034236108
n log:0.00834001189742
d t:0.00827465897323
d i:0.00826437910924
metric labeling:0.00796840874183
the distortion:0.00796840874183
an o:0.00787735564132
v is:0.00739124316346
k u:0.00723396437687
n approximation:0.00683006463585
k server:0.00683006463585
2 i:0.00676180274329
edge u:0.00656101055352
hk u:0.00633595882935
laminar family:0.00633595882935
distortion of:0.00633595882935
at level i:0.0198257619414
o log n:0.0183987514061
d u v:0.0133813359455
an o log:0.012139538329
u v is:0.0120588453878
log n log:0.0118835273866
d t u:0.0113855541916
v is at:0.0113855541916
separates u v:0.0107420908389
t u v:0.0104346115481
is at level:0.0102469987724
approximation algorithms for:0.0102134044448
n log log:0.00980732082558
u v at:0.00971165540095
log log n:0.00865009104939
v at level:0.00805656812915
d i 1:0.00747048512551
edge u v:0.00747048512551
in d i:0.00747048512551
by tree metrics:0.00683133251494
a distribution over:0.00683133251494
i separates u:0.00671380677429
with distortion o:0.00671380677429
on the distortion:0.00671380677429
log n approximation:0.00671380677429
2 i 1:0.00651010875427
u and v:0.00615311260217
o log 2:0.00595781925946
level i if:0.00569277709578
log 2 n:0.00562746118099
