flattening:0.0337623448829
geodesic:0.0285760736599
texture:0.0210066349939
surface:0.0193283670551
curvature:0.0171760283648
distortions:0.0150912827058
curve:0.0142453226006
preservation:0.011953175529
shoe:0.0115222768988
plane:0.0102641814262
surfaces:0.0101274688727
meridian:0.00916234361601
distortion:0.00893936385419
developable:0.00788613644384
curves:0.00779882412587
flattened:0.00771808278457
isoparametric:0.0073959819115
graphics:0.006954152134
cone:0.00656642308569
angles:0.0064853099976
hemisphere:0.0063700292708
tangent:0.00607140030656
chord:0.00593698675736
relaxation:0.00567485279875
geodesics:0.00563836530216
meridians:0.00523406338443
equator:0.00517718733805
seam:0.00493356963939
onto:0.00478817742208
mapping:0.00470045659897
geodesic curvature:0.0334651007842
the flattening:0.0219913519439
initial curve:0.0164694330735
texture mapping:0.0151418372529
the surface:0.0135471724392
curve c:0.01245965702
curvature preservation:0.0105176031036
flattening of:0.0104693901199
flattening plane:0.0095614573669
x x:0.0086314531724
arc length:0.00858922496456
the texture:0.00849203420603
computer graphics:0.00814226685287
non distorted:0.00764916589352
3 d:0.00754636256303
the plane:0.00714990026251
graphics and:0.00680079760454
distortion threshold:0.00669302015683
the equator:0.00669302015683
surface s:0.00634392649244
d surface:0.00630967054889
the relaxation:0.00622530279512
the flattened:0.00610714423661
a geodesic:0.0060938786475
a surface:0.00603907599772
the geodesic:0.00591749959938
a curve:0.00581209638145
distortions are:0.00576430157573
the shoe:0.00576430157573
seam lines:0.00573687442014
x x x:0.0146919418529
the initial curve:0.0139608717012
geodesic curvature preservation:0.0110573692709
the flattening plane:0.0100521538826
the geodesic curvature:0.00804172310609
computer graphics and:0.00801096756757
in the flattening:0.00703650771783
3 d surface:0.00670241646838
interactive techniques p:0.00649295371415
and interactive techniques:0.00611231687651
graphics and interactive:0.00611231687651
of geodesic curvature:0.00603129232957
on computer graphics:0.00602228158957
side of c:0.00552913989939
distorted texture mapping:0.00502607694131
non distorted texture:0.00502607694131
curve c i:0.00502607694131
surface s at:0.00502607694131
with geodesic curvature:0.00502607694131
plane with geodesic:0.00502607694131
the flattening of:0.00502607694131
the texture plane:0.00502607694131
the tangent plane:0.00500848120357
to the surface:0.00496761208604
annual conference on:0.00481916826608
flattening of the:0.00460761658283
is a geodesic:0.00460761658283
the plane with:0.00443866038146
conference on computer:0.00418766311295
in the plane:0.00412459724658
