fortran:0.011954431868
maple:0.00166143805242
unix shell:0.00247534414016
them:-0.000999101107016
lines:0.00168824567791
a sample:0.000560682469319
