codebook:0.0795323718743
training:0.0353532304432
distortion:0.025050084234
codebooks:0.0178034653234
grayscale:0.0171462846771
vq:0.0159413470347
images:0.0155762264107
image:0.0133926113049
train:0.0119832953452
vc:0.0111822602386
learning:0.00891305824036
tolerance:0.00662372161443
empirical:0.00548451037972
quantizer:0.00513751065386
chervonenkis:0.00473958926237
replacement:0.00459707600011
cv31:0.00454470696425
dimension:0.00451390791306
blocks:0.00441067627351
quantization:0.00413968735569
vapnik:0.00396999031718
pixel:0.00381396258964
usc:0.00367181998578
trained:0.00352818087802
vectors:0.00325162990949
drawn:0.00320789924543
x2c:0.00302980464283
photographs:0.00287966348104
2m:0.00286695418909
mse:0.00284666911335
training set:0.0297869153924
a codebook:0.0249060785106
learning complexity:0.0174232022623
vc dimension:0.0158915246397
the codebook:0.0157738497234
the training:0.0150318283883
gamma train:0.0149436471064
test gamma:0.0143930801297
r tolerance:0.0124530392553
set size:0.0115660715089
the vc:0.0107937664576
image s:0.00958748588433
grayscale images:0.00958748588433
training distortion:0.00913222878721
d oe:0.00899480538131
ffl d:0.00867824145767
test distortion:0.0083020261702
oe s:0.00816033523196
tolerance error:0.00757530533144
codebook size:0.00747182355318
k dimensional:0.00709664885119
s m:0.00704142015746
binary images:0.00694259316613
d vectors:0.00673237537788
train distortion:0.00664162093616
vq codebook:0.00664162093616
codebook oe:0.00664162093616
distortion of:0.00659619061296
of images:0.00652862927835
the image:0.00646052733857
training set size:0.0170220035111
test gamma train:0.0157103092487
ffl d oe:0.013091924374
vc dimension of:0.0128020468292
the vc dimension:0.0123280594087
d oe s:0.0122191294157
the training set:0.0111815253393
of a codebook:0.00872794958263
the r tolerance:0.00872794958263
of the codebook:0.00872794958263
set of images:0.00824091336904
the learning complexity:0.00720115134141
training set sizes:0.00633622325039
empirical worst case:0.00610956470784
a codebook of:0.00610956470784
oe s m:0.00610956470784
training and test:0.00593066610068
test and training:0.00581948443099
learning complexity of:0.00560089548776
the vapnik chervonenkis:0.005479137515
of the training:0.00533729729453
codebook oe on:0.00523676974958
ffl c c:0.00523676974958
a vq codebook:0.00523676974958
a training set:0.00454993344922
a grayscale image:0.00436397479132
binary and grayscale:0.00436397479132
and codebook size:0.00436397479132
dimensional binary vectors:0.00436397479132
r tolerance error:0.00436397479132
