factorization:0.0125368383016
matrix polynomials:0.0309656682837
symmetries:0.00168351530457
as:0
negative squares:0.0011468766031
be:0
