backpropagation:0.0242903154356
gamma0:0.00156147231028
is important:0.00015894213744
differences:0.0012712285003
