debugging:0.0237301051748
tools:0.000498389515227
guard:0.0360135358939
scientific computing:0.000709813433443
relative debugging:0.0263055860863
modifications:0.000915756765044
in:0
hence:-0.000495999834072
extended:-3.51876894125e-05
following simplified:0.00127641431074
version of:0.00113388753078
code:0.00216479105157
