cfd:0.0335778174312
alliant:0.0171462302141
sgi:0.0169366557817
parafrase:0.0128935691872
compilers:0.0115460172771
polaris:0.0106143329897
serial:0.0104187043418
bottlenecks:0.00924689284818
loops:0.00832834020504
parallelization:0.0083276038951
speedup:0.00828662412349
parallelizing:0.00784261328836
solvep:0.0076038763553
alliants:0.0076038763553
coefv:0.0076038763553
optimizations:0.00707889591134
bus:0.00706983508908
challenge:0.00699636071877
ppolaris:0.00651760830455
parallelism:0.00641045037083
parallelized:0.00629075786178
loop:0.00601128916723
compiler:0.00559388633239
iadd:0.00543134025379
pfa:0.00526579262874
sharing:0.00522917400124
cache:0.0050290093903
fx:0.0049274162041
2800:0.00491002349438
contention:0.0048571315772
cfd code:0.0347658016365
our cfd:0.0238131156424
the sgi:0.0213917397224
sgi challenge:0.0175552800041
the alliant:0.015210038216
parafrase 2:0.015210038216
the cfd:0.015210038216
false sharing:0.0148752986029
architectural bottlenecks:0.0119065578212
alliant fx:0.0113827498812
m com:0.00952524625695
bus contention:0.00952000587324
execution time:0.0092778301047
the serial:0.00862456382295
dimensional hyperplane:0.00785721823987
parallelizing compilers:0.0075137361296
local variables:0.0074771568868
parallel loop:0.00734948873339
and polaris:0.00717808879719
parallel ppolaris:0.00714393469271
ns eq:0.00714393469271
solve ns:0.00714393469271
the alliants:0.00714393469271
the loop:0.00697449773307
maximum speedup:0.00687506595989
serial execution:0.00644775345212
four compilers:0.00595327891059
fx 2800:0.00595327891059
manual optimizations:0.00595327891059
serial parallel:0.0058929136799
our cfd code:0.0212805593506
the sgi challenge:0.019508785739
on the sgi:0.0151461100895
of the cfd:0.0149184832122
of our cfd:0.0125179760886
the alliant fx:0.00918060505365
the cfd code:0.00918060505365
serial execution time:0.0076061622042
2 and polaris:0.00751078565316
solve ns eq:0.00751078565316
execution time of:0.00687841746268
parafrase 2 and:0.0062589880443
dimensional hyperplane with:0.0062589880443
2 dimensional hyperplane:0.0062589880443
hyperplane with projection:0.0062589880443
of the code:0.00603288945378
the serial and:0.00589379943275
the 3 dimensional:0.005432973003
serial and parallel:0.00506547821825
avoid false sharing:0.00500719043544
set coefficient of:0.00500719043544
alliant fx 2800:0.00500719043544
and the alliant:0.00500719043544
cfd code on:0.00500719043544
system set coefficient:0.00500719043544
serial parallel ppolaris:0.00500719043544
coefficient of system:0.00500719043544
m com alg:0.00500719043544
on each machine:0.00479546720687
amdahl s law:0.00479546720687
