cache:0.026985248405
memory:0.00151845923043
traditional:9.70163667135e-05
way:-0.00086441430843
for general hierarchies:0.000790152703202
time spent:0.000910996525239
