collocation:0.0602123651735
preconditioning:0.0195448348341
boundary value problem:0.00111559770887
lawrence:0.000644404407259
science:3.19084554614e-05
and af relation:0.00172712764242
