nondegeneracy:0.0318814856641
nondegenerate:0.0272463750319
face:0.0233881597342
polyhedron:0.0223619252477
lp:0.0188734991232
ir:0.017253671026
cc:0.0117518010839
faceg:0.00950573816935
polyhedra:0.00795708212653
pg:0.00654483109942
fb:0.00572995772352
optimize:0.00567281227949
affine:0.00542460103576
fh:0.00535486180862
dual:0.00518270454028
complementarity:0.00514693328359
fc:0.00505219475435
tsuchiya:0.00480000136208
nonempty:0.00476729657122
degeneracy:0.00469144676321
fx:0.00461988656499
fy:0.00418387186481
deltaoe:0.00402961881003
feasible:0.00391053276421
linearly:0.00377877674664
pointed:0.00371858083675
sc:0.0035971739101
maximal:0.00347059002173
vertex:0.00334390207473
implication:0.00328302578229
constant cost:0.047729705938
cost face:0.0442822951707
lp problem:0.036840790763
2 ir:0.0258214934125
nondegeneracy of:0.0257990433691
ir m:0.0235183921732
problem optimize:0.0221411475854
minimal face:0.0221411475854
maximal constant:0.0208387271392
the lp:0.018739106079
nondegenerate if:0.0166377764736
y 2:0.0158282585501
cc nondegeneracy:0.0156290453544
of nondegeneracy:0.0154493638684
face of:0.0147613976816
face f:0.0147526443143
cc nondegenerate:0.0143266249082
h t:0.0131011836562
fb t:0.013024204462
optimize fc:0.013024204462
the polyhedron:0.0122295639301
fc t:0.0118841260526
f y:0.0118371678823
t y:0.0115853073621
optimize fb:0.0104193635696
fh linearly:0.0104193635696
linear programming:0.0103799902949
linearly independent:0.0102463232117
ir n:0.0102315031442
any y:0.00980760634648
constant cost face:0.0451875884952
the lp problem:0.0342330215873
a constant cost:0.0246477755428
2 ir m:0.0236394784548
lp problem optimize:0.0232784546793
maximal constant cost:0.0219091338158
a maximal constant:0.0178011712254
a minimal face:0.0164318503619
cost face of:0.0150625294984
face f of:0.0139687827233
exactly one point:0.0136952122099
optimize fc t:0.0136932086349
i h t:0.0136932086349
fb t y:0.0136932086349
cc nondegeneracy of:0.0136932086349
fc t x:0.0136932086349
b 2 ir:0.0125539445258
problem optimize fc:0.0123238877714
i x i:0.0121512340668
any y 2:0.0120928317199
f of p:0.0114126768416
2 ir n:0.0112832887763
minimal face of:0.0109545669079
fh linearly independent:0.0109545669079
nondegeneracy of a:0.0109545669079
optimize fb t:0.0109545669079
f y is:0.0104182708641
contains exactly one:0.0103230787916
t y j:0.0100425132229
the set fh:0.0100425132229
