locking:0.00923469456835
multiflow:0.00793453067295
polymatroid:0.0249916758138
theorem:-0.00112948359808
must have:0.000302747572638
indeed:0.0003115371662
of proof:0.00121938145248
an:0
