optimization:4.36337984012e-05
routing:0.00986098988009
implies:-9.598407546e-05
source:0.000360418245981
throughput competitive:0.00170820271214
december 2004:0.000424355302916
