performance:-0.00109698566616
garbage collection:0.0215278406412
uniprocessor:0.00200359171519
of:0
recursion an:0.000991939849032
illustrates:0.000526042835722
