mapping:0.00164496565228
parallel:-0.000996258906311
refinement:0.00599227249148
remapping:0.00200643363149
time:-0.0339459170797
approximated:0.000798458098004
much:-0.000870658032715
recursive:0.0025830664737
scratch:0.00496745226461
