diagnosis:0.0193141203934
deduction:0.0013473038921
bridging faults:0.0368015403091
simulation:0.00256285018807
were:-0.00366541928026
first and:0.000416612644765
