compiler optimization:0.00195897988261
profiling:0.0311560710805
invariance:0.0474046943279
an out:0.000482290121514
its:-0.00854606716754
effective:0.000272225800943
