specification:0.00853712205855
interactive systems:0.00302504858487
refinement:0.026392410037
is:0
component specification:0.00324072263761
that:0
