roc70:0.0307397625711
thm:0.0278575992743
ir:0.0195963329439
bpm:0.0193221364733
ri:0.0170649760118
cf:0.0165453567814
convex:0.0164377210935
lem:0.0155790196951
ber82:0.013174183959
oe:0.0129046579309
eck93:0.0122959050284
fx:0.0108135991448
bregman:0.0106438616038
proximal:0.0103573772411
inf:0.00933331490467
thms:0.00873376916306
cl:0.00853430131064
tsb93:0.00790451037543
rem:0.00703283764183
multiplier:0.00672730395924
closed:0.00622915701508
crh:0.00614795251422
def:0.00601724976361
phi:0.00590270469541
arg:0.00550965671272
proper:0.00533449176848
ex:0.00531375880599
ae:0.00516418470716
forcing:0.0051299015844
convexity:0.00505554557336
c h:0.0317379416896
ri c:0.0306757699304
closed proper:0.024616340146
roc70 thm:0.0231036410427
b function:0.0223850213006
proper convex:0.0206459627031
bpm method:0.0192530342022
c f:0.017540716099
k g:0.0166466517496
ir m:0.0159923923721
cl c:0.0158109416525
ex 7:0.0154024273618
2 phi:0.0150144549391
on ir:0.0138649042618
cf roc70:0.0134771239416
forcing on:0.0125144722314
oe ir:0.0122973990631
strictly convex:0.0117228202977
essentially smooth:0.0116070480818
convex function:0.0112449196718
the bpm:0.0105891688112
multiplier methods:0.0099488983558
f x:0.0097303778496
is inf:0.00962651710111
inf compact:0.00962651710111
oe 2:0.00958017734968
phi s:0.009391902918
c oe:0.00937825623813
s t:0.0092153541494
limit point:0.00886182334627
a b function:0.0232772898664
oe 2 phi:0.0194836838295
closed proper convex:0.0194836838295
ri c f:0.0182170094606
c f x:0.0158128630211
2 phi s:0.014168785136
proper convex function:0.0111335336168
a closed proper:0.0111335336168
the bpm method:0.0111326168926
cl c h:0.0111326168926
is inf compact:0.0101205608115
continuous on c:0.0101205608115
f x ae:0.0101205608115
forcing on gamma1:0.0101205608115
is a b:0.0100028353707
on c h:0.00910850473031
on gamma1 t:0.00910850473031
ri c h:0.00910850473031
cf roc70 thm:0.00910850473031
oe ir m:0.00910850473031
ex 9 7:0.00910850473031
is forcing on:0.00910850473031
function on ir:0.00878492390059
def 2 1:0.00878492390059
2 c h:0.00843503470053
c f ae:0.00809644864917
ae c h:0.00809644864917
ff 2 ir:0.00759153123048
6 is bounded:0.00742235574456
c h and:0.00742235574456
