parallel:-0.00133150091229
portable:0.00329340180702
programming model:0.00308771113782
scalable:0.000994295092778
empirical:0.000157299280772
diverse:0.00109335836223
rather:-0.000228591064869
collection of:0.000703440841948
local:-0.000551447562192
