scheduling:0.00335987263505
distributed arrays:0.000648930091134
redistribution:0.031990993881
largely:0.000240410048972
statement:0.000215608284241
illustrated in:0.00100890997549
determinant:0.000357266068322
the edge:0.00087316740624
distributed:-0.0006569934639
