symmetries:0.0324347205884
automorphisms:0.0321522012045
numerical integrators:0.00400116812511
their:-0.00234291713253
same:-0.00757080854782
are covariant:0.00808430976961
