navigation:0.000275649184457
localization:0.0106192283296
visibility:0.0193155299149
robot:0.0507620870161
sensing:0.00479768745251
the:0
case:-0.00467157037665
strategy:0.00505152873759
number:-0.00843591464417
information then:0.000523760529156
two:0
otherwise:-0.000169517918916
0:-0.0137252607207
taking:8.68283910668e-05
