type checking:0.0393657198326
defects:0.0350086954206
quality:0.000653648798669
controlled experiment:0.00254488273012
productivity:0.013036862705
languages emphasize:0.00112489330885
these:-0.00975422638525
on:0
been found:0.000491447056993
for:0
