algorithms:-0.0017348170894
addressing:0.00345325247043
away:0.000216524910535
claim:0.00219513583814
address assignment:0.00117690374961
satisfies the:0.00260149466257
