distributed shared memory:0.0147695471603
portability:0.00317226126738
checkpointing:0.036080953254
data:-0.00548120738486
the lrc protocol:0.00100679515132
thus:-0.00214804547301
worse:0.000158973002798
