internet:0.00261474970803
multicast:0.028529386133
phase effect:0.00549609682568
receiver:0.00702672351945
issue:0.000175562514961
10 note:0.00047876319939
