equilevel:0.0180054862248
monotone:0.0172756304051
shindoh:0.0154791762853
shida:0.0140719784412
injective:0.0132921302198
semidefinite:0.0100504754425
kojima:0.0099679634881
complementarity:0.00898689648069
homeomorphism:0.00775286049074
deltax:0.00756644560777
map:0.00735856111805
convex:0.00696946813668
pang:0.00621281026106
monteiro:0.00609153324273
deltay:0.00588433386314
theta:0.00558027277832
affine:0.00553731516588
homeomorphically:0.00515832496629
psd:0.00515832496629
interior:0.0037182996478
monotonicity:0.00355722013929
shaped:0.00347086330906
1996:0.00344110284593
star:0.00334558476509
fx:0.00322665478836
proposition:0.0030605575917
differentiable:0.00288059191585
nonlinear:0.00280612883299
continuous:0.00279778178747
maps:0.00278739170317
s n:0.0565022444469
theta s:0.0293058468427
z injective:0.0215794444113
n theta:0.0202324341702
equilevel monotone:0.0190895085177
z bounded:0.0190895085177
y equilevel:0.0190895085177
u theta:0.0180562101877
theta m:0.0172526319024
on s:0.0140084638076
injective on:0.0137684226606
x y:0.0113183582782
is x:0.011300497873
the map:0.0109255369364
k g:0.0106172574204
local homeomorphism:0.00995974357446
bounded on:0.00992205516613
f u:0.00974735454945
continuous map:0.00960315832207
proper with:0.00940062381955
monotone z:0.00912976494325
that f:0.00904410953313
m n:0.00890488457087
that h:0.00865472697095
shindoh and:0.00861723850125
and shindoh:0.00861723850125
shida and:0.00861723850125
theta f:0.00848493749644
is z:0.00809224103254
map which:0.00777535246693
theta s n:0.0517228637027
n theta s:0.0390134748256
s n theta:0.0390134748256
on s n:0.0262640308285
u theta m:0.0245464437911
y equilevel monotone:0.020163150257
x y equilevel:0.0192864915502
is x y:0.0186741399713
f u theta:0.0157798567229
m n theta:0.0141112568518
z injective on:0.0140265393092
bounded on s:0.0124511089869
2 s n:0.011608896516
z bounded on:0.0113965631887
f s n:0.0111581881698
f is x:0.0105199044819
proper with respect:0.0105199044819
monotone z bounded:0.0105190382833
continuous map which:0.0105190382833
a continuous map:0.0105056123314
map which is:0.0103611747291
which is x:0.0103611747291
f is z:0.00996088718952
injective on s:0.00913081325706
shida and shindoh:0.00913081325706
and z injective:0.00876658706826
theta f u:0.00860648586815
equilevel monotone z:0.00788992836143
is z injective:0.00788992836143
is proper with:0.00788992836143
