ev3:0.0379016805896
fsm:0.0306069515839
ecp:0.0274110084768
centiseconds:0.0189508402948
ev2:0.0189508402948
bs:0.0171025687965
jqj:0.0170856193751
parsing:0.0162920910374
ev1pq:0.0138972828829
ev1:0.0137055042384
fsms:0.0129157297438
viterbi:0.0116881479318
endfor:0.011401712531
score:0.0102638599465
distortion:0.010004199425
beam:0.00987056430167
trellis:0.00922552124557
deletion:0.0075123659416
sentences:0.00725348622316
wer:0.00714514009116
parsed:0.0067132200419
psi:0.00636468509937
pi:0.00614020225913
sect:0.00589934666924
ocr:0.00588965861342
ts:0.00573385392483
v2:0.00552322770875
correcting:0.00522703994438
jxj:0.00519342706791
transitions:0.00497322610508
the fsm:0.0224600797871
pi q:0.0207724792192
stage k:0.0167090686414
in centiseconds:0.0166179833754
ev3 v2:0.0124634875315
centiseconds number:0.0124634875315
state q:0.011916956716
in fsm:0.0110786555836
deletion transitions:0.0110786555836
q j:0.0105988820104
q l:0.0103198341391
and ev3:0.00969382363564
without bs:0.00969382363564
parsing stage:0.00884527130651
k ts:0.00884527130651
visited states:0.00882605811453
in stage:0.0086901575199
ev3 and:0.0083089916877
average computing:0.0083089916877
delta b:0.00809320912418
computing times:0.00799627493394
of visited:0.00799627493394
of states:0.00774014959108
jqj delta:0.00758166111987
c q:0.00745075791567
beam width:0.00715604207903
the parsing:0.00714638902318
of ecp:0.00692415973975
delta jqj:0.00692415973975
using bs:0.00692415973975
time in centiseconds:0.0131038261234
centiseconds number of:0.0131038261234
in centiseconds number:0.0131038261234
in stage k:0.0126383109752
states in fsm:0.011647845443
of the fsm:0.00970795811898
of visited states:0.00934331201822
computation time in:0.00918982078957
jqj delta b:0.00873588408225
state q j:0.00800855315847
minimum cost path:0.0075829865851
of states in:0.00745206049573
ev3 and ev3:0.00727990340188
and ev3 v2:0.00727990340188
the lp experiments:0.00727990340188
2 q do:0.00727990340188
the minimum cost:0.00725508504313
number of states:0.00674918258688
c q j:0.00667379429873
the score of:0.00631915548758
input string x:0.00631915548758
the different algorithms:0.00631830167094
computing time per:0.0058239227215
8i 2 q:0.0058239227215
k ts models:0.0058239227215
jxj delta jqj:0.0058239227215
2 ffi q:0.0058239227215
in pi q:0.0058239227215
per symbol parsed:0.0058239227215
time per symbol:0.0058239227215
