algorithms:-0.000894913906533
evolutionary trees:0.00374061547413
ff:0.00436618670697
be:0
1 and:0.00381102351482
