matrices:0.00905533715112
completion:0.0170070544264
hermitian:0.0360026607001
inertia:0.0247674323732
minimal rank:0.0138669843111
was:-0.00328591630173
case:-0.0170994464781
of:0
0:-0.0198474500997
diagonal and:0.000446035081445
