compilers:0.000325913816271
dominators:0.0257937065529
flowgraphs:0.00312143011159
microtrees:0.0331155010435
path compression:0.00410558350804
we:-0.0593019197997
linear:-0.0025381412454
aug:0.00983515919075
smaller:-5.50269973767e-05
using the:0.000172192479212
