lower bounds:0.00511436265384
gossiping:0.0717629537449
algorithm:-0.00576551728356
call more:0.00123117693461
e:-0.00793710646794
c:-0.0194711889716
