stationary:0.022360262086
rz:0.0134301609345
soc:0.0126401514677
penalty:0.0120051271658
unconstrained:0.0110063002151
differentiable:0.00917959353383
fx:0.00841286736348
hessian:0.00688250824349
semidefinite:0.00655115920231
lc:0.0061698980167
curvature:0.00615381526413
converging:0.00608260313203
kkt:0.00505351449677
rg:0.00450544110539
recalling:0.00447646880727
proposition:0.00445930090008
trust:0.00436421288583
minimization:0.00436371832108
continuously:0.00399380609015
constrained:0.00394335082443
multiplier:0.00392532924271
fq:0.00374437172382
linesearch:0.00349634340459
ir:0.00344844179375
krg:0.00324563628156
convergence:0.00296639719839
rh:0.00266123203602
neighborhood:0.00265245843425
matrices:0.00240587983482
nonlinear:0.00235170922283
order stationary:0.0474337588637
stationary point:0.0377315641466
problem p:0.0274068888953
penalty function:0.0227726711719
fx k:0.0189630651341
algorithm soc:0.0177876595739
k g:0.0174302727607
rz x:0.0173126511068
of problem:0.0164621270416
stationary points:0.0146395743248
the penalty:0.0137451969607
x k:0.0136880319878
second order:0.0134827624419
h k:0.0126637083773
negative curvature:0.0122814777008
unconstrained stationary:0.0118584397159
algorithm m:0.0110086218412
exact penalty:0.0106725957443
point x:0.0105723073541
lc 1:0.0102129712952
every limit:0.00978183096994
generalized hessian:0.00973836624759
that rz:0.00973836624759
d k:0.00970688050941
line search:0.00935695761624
positive semidefinite:0.00877730483232
limit point:0.00857721114822
continuously differentiable:0.00853090722037
k ffl:0.00836178622229
differentiable exact:0.00830090780116
of problem p:0.0332512098446
order stationary point:0.0324151866445
point of problem:0.0261814969052
first order stationary:0.0261814969052
stationary point of:0.0248356385182
second order stationary:0.0236880210095
fx k g:0.0189712345495
the penalty function:0.0170962095532
order stationary points:0.0162075933223
stationary point x:0.0135083039994
of the penalty:0.0135083039994
that rz x:0.0112206415308
a first order:0.0108598159874
every limit point:0.0108220267632
matrices h k:0.0102864350449
rz x k:0.00997390358293
x k ffl:0.00973982408685
convergence to second:0.00914349781766
line search algorithm:0.00872716563507
differentiable exact penalty:0.00872716563507
unconstrained stationary point:0.00872716563507
a stationary point:0.00862328843157
k g is:0.00805301220385
let fx k:0.00757541873421
exact penalty function:0.0074804276872
k ffl t:0.0074804276872
an unconstrained stationary:0.0074804276872
matrix h k:0.0074804276872
to second order:0.00724771098347
is a first:0.00713265413233
