temporal difference learning:0.00544150992088
backgammon:0.0259379867824
coevolution:0.00288199853138
reinforcement:0.00766480709683
to win in:0.00130577132201
challenger:0.018129439192
decision:0.00025700390719
is:0
s:-0.0257075201857
