compression:0.0292270046272
aggregation:0.00586284642338
transient behavior:0.0119159426386
lumping:0.000779890460659
probability transition matrix:0.00674837922021
u:-0.00165057229598
in:0
paper this:0.00055446200645
be:0
technique for compressing:0.0010603917608
