storage:0.00326421655736
adjoint model:0.00525808765503
climate:0.00559068125182
gradient:0.00849738546648
variational data assimilation:0.00552818419632
previously:0.000134527242239
the:0
r:0
first term:0.000589163004575
in:0
greater:0.000111820559939
atlantic ocean newton:0.00138204604908
is evident from:0.00090171291131
