databases:0.00824633801467
data warehouse:0.00567752056774
multidimensional:0.000506790896455
dimensional:0.00210064797749
great:0.000437100375923
better on:0.000449367038933
engender:0.000730656345037
default:0.000358793683225
dislocation:0.000660525699516
