resource allocation:0.0131407021022
orientation:0.0114585998405
locality:0.00103920212937
response time:0.00562298421078
labeling:0.0173971570457
preprocessing:0.00997973385407
1 the:9.05162542053e-05
in:0
rounds:0.0169581353389
in this:1.06772736139e-05
where:-0.00702117478384
an:0
