regular sets:0.00780086977315
trees:0.00569232448279
strings:0.00326585089214
logic:0.00324252431853
similarly the:0.000491294551801
m2l formulas:0.00462860189341
and:0
part:-0.000276149612546
here:-0.00028067699373
