homotopy:0.0259213363086
poset:0.0223368075642
group representation:0.00088925923659
homology:0.0592856996235
set partition:0.000822590226659
a:0
but:-0.00217356370937
for all:0.000657443088311
munkres:0.000942026827964
subposet obtained:0.00413013088712
