logic:0.00202948368843
function:-0.0111484310103
refinement calculus:0.00485100577458
nondeterminacy:0.00124485634408
expression:0.00137923627597
proper:0.00777474258398
them:-0.00209799056975
are examples:0.000407602331037
in:0
is:0
