authentication:0.00475224038619
isabelle:0.00689311761476
inductive method:0.00733867474124
certicate:0.0247288347494
schneier:0.0043233932727
number:-0.0292390142609
server below:0.00104838210589
physical sciences:0.000790596315481
