decidability:0.00191458938759
symbol:0.00096990835381
the computation:0.00319694501022
and:0
