anonymity:0.0104995352413
privacy:0.00473268836485
janus function:0.0303084298937
mailbox:0.0159981426463
persistent relationship:0.00121233719575
pseudonym:0.000999883915394
even:-0.00271170857675
send:0.00231034056057
initialized to:0.00110784593194
be:0
secret passphrase:0.00484934878299
can:-0.053090187597
