biclique:0.00125244179207
bandwidth:0.0260479747879
caterpillar:0.0123125830263
clique:0.00245376628914
for:0
proposition:0.00330604118091
bandwidth:0.0260479747879
the:0
interval:0.000576803424246
