ffit:0.0660065731096
symplectic:0.0248141394619
hamiltonian:0.023394507305
poincar:0.0189893204761
psi:0.0182037480194
hairer:0.0129199870756
fields:0.00969397315251
giorgilli:0.0089951645099
pi:0.0084196522466
trajectory:0.00766294196624
map:0.00725090598764
benettin:0.00699623906326
diffeomorphisms:0.00632471849815
integrators:0.00612191736934
phi:0.00559762688925
backward:0.00544532843531
kutta:0.00541164490829
dt:0.00537102337453
deltax:0.00536034252237
runge:0.00536034252237
hyperbolic:0.00500468212723
serna:0.00499731361661
exponentially:0.00450424550226
analytic:0.0044874373561
reich:0.00423686589939
shadowing:0.00408127824623
sanz:0.00403749596113
fx:0.00388599334458
bracket:0.00368775455509
smooth:0.00366216763539
vector fields:0.0316318772967
psi ffit:0.0262918923923
modified vector:0.0230054058433
poincar e:0.0217889848041
flow map:0.0179928166206
vector field:0.0175732651648
fields x:0.0126511860888
real analytic:0.0122653096779
e map:0.0122653096779
backward error:0.012006489207
time average:0.0114513907951
o ffit:0.0109549551635
a symplectic:0.0108438737904
error analysis:0.0104896207495
the poincar:0.0101698841981
the modified:0.0100407693858
symplectic method:0.00999600923367
i ffit:0.00985945964712
one flow:0.00985945964712
map psi:0.00943485359839
hamiltonian system:0.00899640831031
size ffit:0.00876396413077
method psi:0.00876396413077
field z:0.00876396413077
ffit p:0.00876396413077
giorgilli 5:0.00876396413077
d dt:0.00875914257198
fx i:0.00864405888193
step size:0.00816829478325
the hamiltonian:0.0081424873638
the modified vector:0.0218830010155
modified vector fields:0.02073126412
backward error analysis:0.0141610578178
vector fields x:0.0139963482629
poincar e map:0.013725994857
the poincar e:0.0108453734272
fx i g:0.0105891555781
one flow map:0.01036563206
time one flow:0.01036563206
sequence fx i:0.00950261182405
the time average:0.00929028446276
the time one:0.00921389516443
vector field z:0.00921389516443
step size ffit:0.00921389516443
fields x i:0.00921389516443
method psi ffit:0.00921389516443
a symplectic method:0.00844676606582
the vector field:0.00833003401046
of the modified:0.00828011665932
flow map phi:0.00806215826888
o ffit p:0.00806215826888
phi 1 x:0.00806215826888
i g i:0.00777536683682
the numerical method:0.00767936944275
vector fields on:0.00739092030759
flow map of:0.00691042137332
of backward error:0.00691042137332
psi ffit is:0.00691042137332
for all ffit:0.00691042137332
benettin giorgilli 5:0.00691042137332
