routing:0.0164798363531
placement:0.0216825727791
interconnection network:0.000714556623156
torus:0.0127492647443
bisection:0.01229375791
edge separator:0.00232479936026
tr:0
placements:0.0397904650377
among the:0.000805400752401
equation:0.000178752692534
originally:0.000500735309542
in the:0.0
