occlusion:0.0735842504494
stereo:0.0274702913728
that:0
held:0.000195062033399
should:-0.000566672827795
3 ground:0.000734528423347
