integral equation:0.0357975679008
preconditioning:0.00243742007238
poisson:0.00999587640246
iterative:0.00221003322354
multiply connected:0.00456958176228
computed for:0.000554789652666
used:-0.0284906604463
points:-0.00163208059484
their:-0.00259741152428
from different:0.000570822512853
