locality:0.00752503517754
logics:0.00214091534237
and:0
spoiler may:0.0012761958077
a:0
structures a:0.00350747071972
