multigrid:0.00862255941442
finite element method:0.0114360764065
preconditioning:0.00102786807997
domain decomposition:0.0020077377901
mortar:0.0428630273021
nodes:0.000385150952147
nodal basis for:0.00233124295504
subset:1.81594540668e-05
m k:0.0125604389438
the:0
the:0
