caching:0.021630908431
randomized:0.00214275773044
online:0.0105023414172
competitive:0.012726468087
application:-0.00960190850585
an:0
running:0.000124458620678
independently:9.99672012725e-05
point:-0.000734575366714
