completeness:0.00286637120478
private computation:0.00247828641297
reducibility:0.00240562594146
and:0
players:0.0322353876156
multi output:0.00154950074834
only:-0.0178170064246
