complexity:-5.05479835318e-05
controllability:0.00736617188245
a fundamental:0.00195468210947
on:0
for computing:0.00164180799688
algorithm:-0.0139368522956
