debugging:0.0357454366578
concurrency:0.000596720024658
threads:0.0378411470205
active debugging:0.0191027725774
open interface:0.00917400238299
to:0
probed:0.000535402576472
compared:-1.91613957394e-05
the query:0.00315594605139
trap is:0.0018348004766
