proximal:0.0572927231661
bregman:0.0406789558248
paramonotone:0.0211997474422
inexact:0.0132288586308
vip:0.0128459860499
fy:0.012829978037
monotone:0.0120671750734
fx:0.0107325993789
pseudomonotonicity:0.00927488950597
lim:0.009160831073
subproblems:0.00806900339955
convergence:0.0074929937297
rf:0.00747349238253
convex:0.00699435909431
converges:0.00689968985338
subsequence:0.00520978446151
variational:0.00485702910786
dom:0.00484144504441
int:0.0047454539783
subproblem:0.00463791942194
converging:0.00458424928133
h2:0.00404530643576
operators:0.00402569605543
zone:0.0038903327388
complementarity:0.0035870993055
generalized:0.00349485338663
tolerance:0.00340784021305
maximal:0.0033863060815
maximality:0.00313162465065
interior:0.00296830170747
proximal point:0.0431289983055
generalized proximal:0.0331306777167
k g:0.0257428033908
fx k:0.0241926822031
fy k:0.023594877069
bregman function:0.0185531795214
bregman functions:0.0185531795214
vip t:0.0174283195033
the proximal:0.0164286059287
maximal monotone:0.0136374770645
int c:0.0117776458719
convergence consistency:0.0116188796689
paramonotone operators:0.0116188796689
j g:0.0105627071713
point method:0.0101350654674
g converges:0.0101211681308
of proximal:0.0100066524251
point algorithm:0.00992306399234
monotone operators:0.00958422184567
rf is:0.00958422184567
of bregman:0.00927658976069
dom t:0.00925643968345
k j:0.00919668330978
is paramonotone:0.00871415975166
bregman distance:0.00871415975166
proximal subproblems:0.00871415975166
of vip:0.00871415975166
the bregman:0.00871415975166
sequence fx:0.0082372445062
converges to:0.00821505659735
generalized proximal point:0.0195979995395
fx k g:0.0190110781264
k g is:0.0187401596794
vip t c:0.0183238932712
fy k g:0.0179737108664
proximal point algorithm:0.0159056410953
k j g:0.0152721453357
proximal point method:0.0152699110593
the generalized proximal:0.0122159288474
g is bounded:0.0106467319076
fx k j:0.00979899976975
sequence fx k:0.00958597912873
definition 2 1:0.00935951448366
proximal point methods:0.0092782906389
the proximal point:0.0092782906389
of vip t:0.00916194663559
fy k j:0.00916194663559
any x 2:0.00842164734033
bregman function with:0.00839914265979
a bregman function:0.00839914265979
function with zone:0.00839914265979
of bregman functions:0.00839914265979
k g converges:0.00773086416405
is maximal monotone:0.00763607266784
variational inequality problem:0.00763607266784
inexact generalized proximal:0.00763495552966
for paramonotone operators:0.00763495552966
for any x:0.00740699070913
a sequence in:0.00739319704915
it follows that:0.00709063252397
