motion:0.0231770292198
depth:0.0147031236248
translational:0.0120801393873
epipolar:0.0108641028771
3d:0.00944763360371
rotational:0.00925910911519
volume:0.00919608734245
scene:0.0090341137729
rotation:0.00885892594645
servoing:0.00837465381035
image:0.00782331930258
translation:0.007797410496
eye:0.00771563910882
sphere:0.00734711190093
distortion:0.00723018819634
zmin:0.00705554741147
camera:0.00532329934765
eyes:0.0052908223398
panoramic:0.00513037038028
negative:0.00499474697209
vision:0.00466646494315
minimization:0.00442684539766
flow:0.00427822516281
constraint:0.00420446266
orthogonality:0.00402535638658
minima:0.00400253957037
optic:0.00375208122305
plane:0.00367190806923
rmax:0.00360647109086
noise:0.00360520375716
negative depth:0.0479824054358
3d motion:0.0237118865277
depth volume:0.0208795350419
translational error:0.0131463739152
depth values:0.0125632068727
of negative:0.0123283617552
epipolar constraint:0.0110894315827
rotational error:0.0108264255773
the image:0.0102041703622
the epipolar:0.00927468800594
normal flow:0.00862511345321
camera type:0.00850647723928
the translational:0.00848604705289
orthogonality constraint:0.0084674833122
motion estimation:0.00832128570728
gamma1 distortion:0.00773316112662
the sphere:0.00765131885026
the scene:0.00722449547242
distortion surface:0.00695984501395
the negative:0.00639018209624
great circle:0.00637895682871
z zmin:0.00618652890129
motion from:0.00590732242366
the orthogonality:0.00570521315554
translation and:0.00566570706806
the translation:0.0055875089419
s delta:0.00548245104701
restricted field:0.00541321278863
negative range:0.00541321278863
type eye:0.00541321278863
negative depth volume:0.0219505716788
of negative depth:0.018632420631
the negative depth:0.0146337144525
the epipolar constraint:0.0118040301162
negative depth values:0.0113817779075
field of view:0.0105460875553
the orthogonality constraint:0.009755809635
of 3d motion:0.00776261740099
3d motion estimation:0.00745344500251
theta s delta:0.00731685722625
the gamma1 distortion:0.00650387309
t theta s:0.00609827318387
camera type eye:0.00569088895375
the line constraint:0.00569088895375
minimization of negative:0.00569088895375
restricted field of:0.00569088895375
the rotational error:0.00569088895375
depth volume is:0.00569088895375
the positive depth:0.00564553992799
positive depth constraint:0.00564553992799
the great circle:0.00521707777667
the translational error:0.0048779048175
volume of negative:0.0048779048175
all motion parameters:0.0048779048175
the x 0:0.0045904561563
scene in view:0.00447178095143
from the epipolar:0.00447178095143
the translational and:0.00447178095143
ffl 6 0:0.00423415494599
on the sphere:0.00418814442312
