complexity classes:0.00905308930297
completeness:0.000133788339305
autoreducibility:0.0118744060094
the restriction:0.000237107393791
x:-0.0173407704309
recursively:0.000737905124718
in:0
