reliable multicast:0.0149947485438
bandwidth:0.0128687910284
analysis:-0.00327711419099
group needs:0.000910960512156
brie:0.00124852376959
a:0
k:-0.00301242416852
respectively:-0.00156217528004
within:-0.000402418093374
the:0
