bisimulation:0.0034297128088
verification:0.00127588509479
modelling:0.00261220511242
mobility:0.0110399527502
internet protocols:0.00148040350459
all:-0.0098243903209
invariant x4:0.000897340986999
is:0
use:-0.00430074398036
agent:0.0363089339956
to its:0.00112815714805
c for convenience:0.000864841490456
of the:0.0
