verification:0.00104826611752
parameters:-2.6438718921e-05
and:0
not guaranteed:0.000826636805596
in:0
of:0
