independence:0.00212730474257
complexity:-0.000288979244687
constraint satisfaction problem:0.00520806610134
disjunctive constraints:0.0152539809594
relations:0.00260492000456
the:0
straints:0.000297101788598
in:0
theorem 3 to:0.000486923022707
by a:0.000322138925025
can:-0.0530267584601
