computational geometry:0.00256697364662
cuttings:0.0383931995424
is used:7.13117414349e-05
following:-0.00383925677203
lemma:0.00201640107128
