columnsort:0.00999348768409
amount:5.3189824029e-06
of this:0.000120667506887
the:0
of memory:0.00213533002998
numbers:-9.97340625594e-06
