networks:0.000881028841164
routing:0.0138203267259
algorithms:-0.00223931105299
sorting:0.00734340738931
meshes:0.0093528316466
routing:0.0138203267259
not:0
pu:0.0458301287582
n:-0.0955391585145
dimensional:0.00269707047553
log:0.00559740888106
