calibration:0.0337445490896
camera:0.030676139777
conic:0.0268630334504
conics:0.0224899814934
projective:0.0200631683131
focal:0.0179335482309
motions:0.0168124426103
auto:0.0166945159024
cameras:0.0155367916979
optical:0.0144213731573
motion:0.0133460016134
intrinsic:0.0115227827879
centres:0.00995834722433
euclidean:0.00948761692154
skew:0.00922883113343
aoene:0.00893122070683
reconstruction:0.00888605247462
twisted:0.008544626039
absolute:0.00823745136767
omega:0.00815475797925
critical:0.00814700184858
pi:0.0079640448909
quadric:0.00793429560764
nity:0.00761520670096
axes:0.00672983654182
calibrated:0.00623987673356
hyperbola:0.00595414713789
axis:0.0058999393325
rotations:0.00586590914532
images:0.00581680583018
auto calibration:0.0356008103286
critical motions:0.0259789696993
intrinsic parameters:0.0238194810204
calibration constraints:0.0221302334475
pi 1:0.0184178794798
absolute conic:0.0166812197812
potential absolute:0.0163571290699
absolute conics:0.0163571290699
optical axis:0.0150071610576
unknown focal:0.0131693840378
focal lengths:0.0119053460123
the optical:0.0112586162556
the camera:0.0108945620313
zero skew:0.0107727373804
aspect ratio:0.0106479066271
unit aspect:0.0105840246923
optical axes:0.0105355072302
focal length:0.0104956400895
the intrinsic:0.0100134229766
proposition 5:0.00964903864309
twisted pair:0.00962184062936
camera centres:0.00962184062936
two cameras:0.00943271467442
in nity:0.00922131910929
principal point:0.00919854477895
motion is:0.0088190566431
false absolute:0.00865965656643
omega f:0.0084319993807
c f:0.00836763851488
proper virtual:0.00769747250349
auto calibration constraints:0.0212428518555
the intrinsic parameters:0.0148374991915
potential absolute conics:0.014161901237
the optical axis:0.0111667379025
unit aspect ratio:0.0111272081148
of the intrinsic:0.0102007806942
at in nity:0.00927403019625
on pi 1:0.00910407936666
the auto calibration:0.00910407936666
unknown focal lengths:0.00910407936666
motion is critical:0.00910407936666
the critical motions:0.00910407936666
a motion is:0.00708095061852
critical motions for:0.00708095061852
plane at in:0.00702452459885
critical w r:0.00606938624444
absolute conics on:0.00606938624444
constant intrinsic parameters:0.00606938624444
calibration constraints are:0.00606938624444
outside pi 1:0.00606938624444
the plane at:0.00555650296333
twisted pair duality:0.00505782187037
true absolute conic:0.00505782187037
false absolute conic:0.00505782187037
for two cameras:0.00505782187037
conic omega f:0.00505782187037
possible to recover:0.0048957643836
proposition 5 2:0.00465019944039
t t e:0.00463671849736
g ae k:0.00463671849736
