fracture:0.0113014184766
discontinuous enrichment:0.0076908008625
of:0
are presented:0.000575387467503
the:0
