transactions:-4.2738555157e-05
replication:0.00900710542765
database:0.0125472539551
value:-0.00654699746486
a:0
and all:0.000254071343997
property is:0.0004634801172
