rake:0.0341563132631
amplifier:0.0230653865385
energy:0.0228887735359
consumption:0.0203610694918
distortion:0.0201132652861
channel:0.0192462582789
coder:0.0144069902016
psnr:0.013825174416
mobile:0.0135193631868
codec:0.0129658852129
variabilities:0.0105721922005
transmit:0.0102256890728
fingers:0.00991508869223
reconfigurable:0.00968484360594
carphone:0.00899591074887
coastguard:0.00899591074887
encoder:0.00872154548668
wireless:0.00863271796291
multipath:0.00788279231963
image:0.00781810958005
receiver:0.00749135768006
rs:0.00743498158653
coders:0.00726809564133
power:0.00695502947419
indoor:0.00684009663093
transmission:0.00680168089117
configuration:0.00677255005535
spiht:0.00650596443107
tot:0.00625444388032
coding:0.0059797183326
power amplifier:0.0295804240481
energy consumption:0.0259874104443
transmit power:0.0235870562364
rake receiver:0.0197202826987
optimized system:0.0170943576451
the energy:0.0168021960834
image transmission:0.0161347151618
transmission system:0.0147902120241
channel coding:0.0138268950351
fixed system:0.0138041978891
rate distortion:0.0130135482684
c rake:0.0118321696192
mobile 2:0.0118321696192
the channel:0.0112628705122
mobile 1:0.0108461554843
the rake:0.0107964364074
consumption of:0.0107687311234
power consumption:0.0105667531864
the rs:0.00991632267963
joint source:0.00989673337346
the power:0.00934378393633
source channel:0.00934115088313
energy models:0.00894681443449
configuration space:0.00839073457507
per pixel:0.00822485674044
the image:0.00800664212228
configuration vector:0.00788811307949
wireless image:0.00788811307949
distortion points:0.00788811307949
source coder:0.00788811307949
the power amplifier:0.0176225493353
the energy consumption:0.0174477719414
image transmission system:0.0124394465896
consumption of the:0.0120316290999
the rake receiver:0.0114028260405
energy consumption of:0.0106804459722
joint source channel:0.0103662054913
source channel coding:0.0103662054913
the optimized system:0.00932958494221
rake receiver and:0.00829296439308
wireless image transmission:0.00829296439308
rate distortion points:0.00829296439308
the transmit power:0.00809833518797
the image transmitted:0.0076025100102
indoor o ce:0.00725634384394
transmitted by mobile:0.00725634384394
the power consumption:0.00707742888227
for the image:0.00698764017559
input state space:0.00621972329481
the image transmission:0.00621972329481
image transmitted by:0.00621972329481
the rate distortion:0.00570188250765
of the rs:0.00570188250765
mobile to mobile:0.00570188250765
an optimization algorithm:0.00518386113149
operational rate distortion:0.00518310274567
transmission system is:0.00518310274567
power amplifier and:0.00518310274567
the energy optimization:0.00518310274567
significant bit plane:0.00518310274567
