policy:0.0041842061144
service level agreements:0.0031005992151
duty:0.00654801744195
user:0.00267679024108
the:0
addition:-0.000535529166539
etc we model:0.000710612497929
