learning:0.00853006014031
uncertainty:0.000412162234717
classification:0.00538287392082
comparison:-0.00014133310892
evaluation:0.000115391660774
multiple models:0.000485024870603
skewed distributions:0.000586873995599
fp:0.00628844561924
the:0
learning:0.00853006014031
analyzing:0.000113640485228
all:-0.0129101798288
ensure that:0.000287240946985
the other:6.1385923539e-05
argument the:0.000358373909838
