multiprocessors:0.00209238404671
complexity:-0.00041334430199
quality:0.00107595109213
fast local search:0.00556233727951
utilizing:0.000896881946207
of:0
random:0.000909780390084
for each:0.000393773131642
the precedence constraints:0.00102338457339
