parallel programs:0.00788293576645
undecidability:0.00558522750863
complexity:-0.00033969076999
slicing:0.033941180247
comes as:0.000962154696517
loop:0.00161768110978
with:0
killallp:0.00330549331403
there is:0.000231327676557
