multicast:0.0185130284696
congestion control:0.0209401582018
feedback:0.0258025676971
suppression:0.00713391417617
data:-0.00297026622801
geurts g:0.000710268606582
to:0
data:-0.00297026622801
number:-0.0175082530593
dong:0.00033765433357
