distributed systems:0.00227169576753
accuracy:0.00317254870168
scalability:0.00253449675936
efficiency:0.000422367498935
failure detectors:0.0317035625157
every t:0.00308797060179
etc:0.000393936727482
bad:0.000254201350763
executed:0.000318122498691
michel reynal:0.0010510246185
