caches:0.00347527055709
quicksort:0.0608638768455
mergesort:0.144875707618
memory performance:0.00613945789228
mergesorts:0.0103113475019
the:0
algorithm:-0.00970344851081
machine:0.00023808045755
tlb set:0.0018836480205
