extractors:0.032234486183
pseudorandomness:0.0037481960678
a bit:0.00107773844778
by:0
since:-0.00408998859208
