inference:0.00227264383853
program inversion:0.00858887486751
supercompilation:0.00569437925989
explicitation:0.0268657065759
seen t:0.00122698212393
the:0
