hole:0.0400760180501
calculus:0.0285611019712
lling:0.0221397287688
renamer:0.0190199105676
contexts:0.0179862350625
lambda:0.016996900606
holes:0.0109271545175
lred:0.0105196651307
redex:0.00950799248093
ll:0.00937288380969
lled:0.00812937918381
substitution:0.00745428259403
rst:0.0067053957506
typed:0.00667633999156
abstracted:0.00613191869412
dom:0.00576577215416
binding:0.00576045691854
typing:0.00533772350993
rosser:0.00490404927037
denition:0.00458813104967
fx:0.00443097676802
constructor:0.00432432911562
renamers:0.00420786605227
exported:0.00419951702318
rename:0.00359958601987
church:0.00356013164485
dene:0.00335309779771
renaming:0.00332534366265
congruence:0.00326598491444
interface:0.0031825569516
hole lling:0.0265202069869
rst class:0.0187323612882
the hole:0.0171666705066
interface variables:0.0168819479086
lambda calculus:0.0163993976655
class contexts:0.0161427346877
bound variables:0.0155823470489
our calculus:0.0142722752672
context calculus:0.0126835772546
type system:0.0113337329528
a term:0.010606163202
hole x:0.0094690765391
with rst:0.0094690765391
reduction system:0.00922441982153
variable candidates:0.00922441982153
variable renamer:0.00922441982153
of contexts:0.00880810918795
term m:0.00869529377978
a hole:0.00868282191903
the lambda:0.00857029087687
lled in:0.00856020541975
calculus is:0.00850675429755
lambda terms:0.00841695692364
for contexts:0.00841695692364
in m:0.00823350067027
the calculus:0.00813293997095
a renamer:0.00807136734384
variables in:0.00697975628816
type assignment:0.00695623502382
context application:0.00695139031531
rst class contexts:0.0145470908153
with rst class:0.0109103181115
the lambda calculus:0.0100025950763
of interface variables:0.00777929326699
the context calculus:0.00727354540764
hole lling and:0.00727354540764
of rst class:0.00727354540764
in our calculus:0.00707253717401
the type system:0.00704726482817
of the calculus:0.0067078389197
set of interface:0.00631363657449
x in m:0.00631363657449
a lambda calculus:0.0060612878397
language with rst:0.0060612878397
the reduction system:0.0060612878397
hole type assignment:0.0060612878397
in the lambda:0.00586707833627
in m 1:0.00570763429783
the term obtained:0.00570763429783
by the rule:0.00542869478625
programming language with:0.00535288227953
subject reduction property:0.00526136381208
m m 0:0.0051772010944
a programming language:0.0049468252806
the set of:0.00489090870251
the subject reduction:0.00488923194689
reduction and ll:0.00484903027176
for our calculus:0.00484903027176
a term constructor:0.00484903027176
rst class treatment:0.00484903027176
