coverage:0.0065583594365
anomaly:0.0545921829299
anomaly detection:0.00617576331063
dependability:0.00254406149322
explicitly:0.000102432886974
sequences:0.00411917522361
sensor data:0.00702091739627
key:0.00027657316918
