routing:0.0060052718946
topology:0.00613916608178
overlay networks:0.00458521592946
network:0.00123648738483
application level multicast:0.0051274819864
r1:0.00344308081383
in:0
r for:0.000264331957185
there:-0.00309582015398
to node b:0.00125400388967
