hierarchy:0.0101845312178
cryptography:0.00120640722891
access control:0.0202368059899
one:-0.0183511098607
the:0
for example:0.000453597479039
