scheduling:0.000266568044939
partial:0.0018932347954
progressive:0.0198986778206
result extraction:0.0399317220363
of:0
dependencies:0.000418019923157
than:-0.00941871970682
information:-0.00721684373191
the server:0.00331719583407
