security:0.0107872780935
protocol:0.013458797536
pervasive:0.00451576018487
ubiquitous:0.0016542373876
wireless:0.00515142486757
authorization:0.00474777391916
proxy:0.079326392612
certificate:0.00216062398481
certificate chain:0.00245168608207
certificate chain discovery:0.00128879750723
system:-0.00874483649187
the:0
may:-0.00483672340635
a:0
in:0
leave:0.000222289581978
based:-0.00483710433543
timestamp:0.00729302933475
example in:0.000234164409663
times are approximate:0.00128879750723
sequence 7:0.00111853843073
