scheduling:0.0108179772135
gang scheduling:0.0232916406293
gang:0.0404715554483
and:0
is highly:0.000547980460774
that on:0.000491179668671
acm:-0.000217481357621
scheduler:0.0176042454499
