translation:0.00606944204416
recursion:0.00161217922495
of the:0.0
sql:0.0604607021579
apart:0.000246042697174
likes:0.0297141466624
in the:0.0
