the:0
cube:0.00299232155444
obsolete records:0.00837154782641
