synthesis:0.0039827680211
autosymmetry:0.0260237142247
calls:0.000241887021696
set:-0.018194886832
is n:0.00158882721048
