segmentation:0.0205123438244
texture:0.0268828551381
grouping:0.00344493665423
cue integration:0.00132992292857
normalized cut:0.00555416045776
texton:0.0286841295821
simpler:0.000290071029242
have:0
approaches:0.000119799089447
graph partitioning:0.00192763469613
based modeling:0.000490836442052
use:-0.00729795818374
