game theory:0.000697435759666
negotiation:0.0517531791264
agendas:0.00157316483831
till time:0.00101689431064
p:-0.0387567900076
science:1.97544133914e-05
