computational logic:0.00137328277935
abduction:0.00926026409987
negotiation:0.025133782697
termination:0.010809561655
dialogue:0.0773955038494
the case:0.000518920402405
example before:0.00091876033729
give:-0.000483078641835
5:-0.00975150253299
tree:0.000889767847301
particular:-0.0024358101061
