trajectory:0.0346357315161
complementarity:0.024654908815
cp:0.0233629359971
gowda:0.0210682081613
kojima:0.0163262066268
noma:0.0163108708345
continuation:0.0149962696558
boundedness:0.0141189068053
semimonotone:0.012912772744
homotopy:0.0129124522895
megiddo:0.0116075959762
tihonov:0.00815543541727
sol:0.00732066748884
ravindran:0.00686453175422
sznajder:0.00679619618106
yoshise:0.0066408184682
facchinei:0.00633821117897
monotone:0.00618957480498
fx:0.00572523688067
regularization:0.00549039677375
nonempty:0.00545346100203
tawhid:0.00543695694485
hotta:0.00543695694485
nonemptyness:0.00543695694485
interior:0.00532882292055
univalent:0.00518580914643
subtrajectory:0.00491510107813
isac:0.00475733732674
1991:0.00475097915566
strictly:0.00420430713369
cp f:0.0428200615176
complementarity problems:0.0240000772367
solution set:0.022466733232
r n:0.0212431833753
strictly feasible:0.0201689316803
continuation trajectory:0.0178773002803
boundedness of:0.0159347155217
and gowda:0.0156426377453
the trajectory:0.014444246692
of cp:0.0141136042395
kojima megiddo:0.0141136042395
and noma:0.0134079752102
feasible condition:0.0134079752102
condition 1:0.0131060625469
sol cp:0.0126630876985
the boundedness:0.0124683674836
condition 4:0.0121320359453
system 8:0.0106412967154
p 0:0.0104583930192
0 function:0.0104455717946
noma 1991:0.0104284251635
interior point:0.0101936377761
p function:0.0100883313046
megiddo and:0.00983112639491
proposed trajectory:0.00968353765183
gowda 1997:0.00968353765183
ravindran and:0.00968353765183
homotopy continuation:0.00951556922613
theta r:0.0093555629713
is bounded:0.00898007880617
the solution set:0.0224481029887
of cp f:0.0172280779331
condition 1 2:0.0169936856554
the system 8:0.0150758095188
solution set of:0.0141335730356
strictly feasible condition:0.0133126056756
cp f is:0.0133126056756
p 0 function:0.0133126056756
the boundedness of:0.0132841346584
condition 4 1:0.0130534838835
boundedness of the:0.0129081405469
set of cp:0.0125295112241
2 0 1:0.0119587971053
and noma 1991:0.0109633223211
megiddo and noma:0.0109633223211
sol cp f:0.0109633223211
kojima megiddo and:0.0108759588194
of the trajectory:0.0107997438625
the strictly feasible:0.0107684353706
and gowda 1997:0.0101802278696
ravindran and gowda:0.0101802278696
the proposed trajectory:0.0101802278696
strictly feasible point:0.0101802278696
r n theta:0.00962845407431
theta r n:0.00951646396701
f is nonempty:0.00939713341805
existence and the:0.00933264398784
n theta r:0.0092175476319
2 r n:0.0090929432374
and the boundedness:0.00864464063478
