a:0
navigation:0.0101805942176
connectivity:0.00275081221212
of the:0.0
