bisimulation:0.0218184038307
verification:0.000624357642298
concurrency:0.000684135949131
process algebras:0.00259617620205
g:-0.0377691345396
but:-0.00768399355563
due:-0.00277747483486
bisimilar processes:0.0014023499278
and if:0.000344884407409
