adaptation:0.00231130127706
microarchitecture:0.000534043288166
banking:0.00626206761313
compacting:0.0209395370772
issue queue:0.0938201841824
however:-0.00661315017494
strictly:0.000199612636052
and:0
mcf:0.01633518618
10022:0.00129068271341
for a:8.28305831802e-05
that:0
