algebra:0.00160869817336
bialgebra:0.000805472298361
coalgebra:0.0021844817619
comonad:0.0515502270951
distributive law:0.0233037353101
kleisli construction:0.0185396807509
monad:0.0582016392293
1:0
denition:0.0102464000006
for:0
structure:-0.00095500594813
monad:0.0582016392293
cells gives:0.00076033943864
proposal about:0.000882841940519
then:-0.0126650432046
