graph:0.000561277423853
chromatic polynomial:0.00875790916039
of:0
to that:0.000182353441448
we:-0.134796474215
