distortion:0.0275051392053
sensor:0.0207087079365
samples:0.0111185950839
coding:0.00982573519043
traf:0.00955058774741
entropy:0.00833831745116
quantization:0.00711236293837
compression:0.00672286449458
ow:0.00641620913159
sensors:0.00564976370109
routing:0.00516542570142
networks:0.00498424620773
eigenvalues:0.0049472004173
quantized:0.00481894053952
capacity:0.00481627152353
quantizer:0.00455127490846
bits:0.00443903824733
network:0.00441378556893
encoders:0.00417086962698
wireless:0.00412113989406
hop:0.00382554759079
transmissions:0.00377601692198
joint:0.00362000770174
correlated:0.00356138222126
grid:0.00324965346015
fig:0.00311288013715
transport:0.0030477710028
bandlimited:0.00303418327231
gaussian:0.00303183504836
rst:0.00297542916045
rate distortion:0.0234585959722
distortion function:0.0225548139877
sensor networks:0.0199526326753
source coding:0.0171875437308
traf c:0.0126685594548
distributed source:0.0107376366547
in sensor:0.00995384795589
the network:0.00958907458407
total distortion:0.00784515269139
transport capacity:0.00784515269139
side information:0.00784515269139
sensor network:0.0075863970913
the samples:0.00696155346882
networks april:0.00625001590212
of bits:0.00615019979077
of traf:0.00588386451854
regular grid:0.00566312010421
joint entropy:0.00566241971743
networks proceedings:0.00538184689565
sensor data:0.00538058869024
wireless sensor:0.0053738661929
average distortion:0.00536881832736
entropy of:0.0052761215541
multi hop:0.00523023864462
capacity of:0.0050930876687
c iv:0.00506742378192
the rate:0.00501079142242
random grid:0.00490322043212
hop sensor:0.00490322043212
gaussian source:0.00490322043212
rate distortion function:0.022681432139
distributed source coding:0.0123716902576
the rate distortion:0.012286787424
in sensor networks:0.0108454598738
distortion function is:0.00721681931694
distortion function of:0.00721681931694
sensor networks proceedings:0.00687297613629
information processing in:0.00665293854422
on information processing:0.00665293854422
sensor networks april:0.00665293854422
processing in sensor:0.00647213792623
of traf c:0.00618584512881
traf c generated:0.00618584512881
networks proceedings of:0.00594333269947
wireless sensor networks:0.00582925524982
multi hop sensor:0.00515487094067
bits necessary to:0.00515487094067
the total distortion:0.00515487094067
routing and data:0.00515487094067
transport capacity of:0.00515487094067
amount of traf:0.00515487094067
necessary to represent:0.00498970390816
the entire network:0.0048110832954
data generated by:0.00473942708501
and data compression:0.00472568747075
the average distortion:0.00472568747075
of bits necessary:0.00472568747075
third international symposium:0.00447456912466
2004 berkeley california:0.00447456912466
berkeley california usa:0.00447456912466
