programming languages:0.00118126670964
concurrency:0.00104769430737
semantics:0.00232825659398
ethernet:0.00803374237401
broadcasting:0.0064597989299
calculi:0.00673547963796
functional programming:0.00183722186041
the:0
p1:0.0193279394895
calculus:0.0212898619886
by:0
calculus:0.0212898619886
