sdp:0.0223613538247
deltaw:0.0165864492353
nld:0.0157392672462
deltay:0.0145565407843
diag:0.00985995411137
xl:0.00941501016815
semidefinite:0.00860630323832
sdps:0.00774034297645
primal:0.00764535640791
barrier:0.00762952443165
rw:0.00693765196595
lagrangian:0.00539845536964
nonlinear:0.00528894645192
dual:0.00447722090445
newton:0.00427183852383
xi:0.00416740652669
boundedness:0.00387721967457
maxcut:0.00371179928304
k2k:0.00371179928304
0000:0.00365311666224
gamma04:0.00342157983614
gamma05:0.00342157983614
diagonal:0.00310745293038
fx:0.00310412294948
triangular:0.0029225890117
asz:0.00292195187426
interior:0.00287445347098
lov:0.0028546409138
feasible:0.00281518380082
gradient:0.00269375234507
w y:0.0266644341111
log barrier:0.0179420616169
k g:0.0162124803441
deltaw deltay:0.0157407572838
potential reduction:0.0101359752507
barrier algorithm:0.00956051850293
t xl:0.00825038902929
f w:0.00788605241552
z w:0.00711163251347
deltay delta:0.00684380751471
dual sdp:0.00675031829669
xl is:0.00675031829669
l t:0.00663821188193
fx k:0.00649673031689
y w:0.00639355938037
the sdp:0.00638261405952
the primal:0.00627726765857
reduction algorithm:0.00625643509509
form sdp:0.00615942676324
of nld:0.00600028293039
the lagrangian:0.00588171972077
lagrangian function:0.00565609803663
interior point:0.0055268150781
the boundedness:0.00538051513592
f 0:0.00529625490904
matrix variable:0.00525024756409
o methods:0.00525024756409
strictly feasible:0.00522213877597
boundedness of:0.00520373156548
diag x:0.0051676880601
log barrier algorithm:0.0115657196406
z w y:0.0101200046855
l t xl:0.00867357549794
potential reduction algorithm:0.00854340756636
k g and:0.0080710110491
deltaw deltay delta:0.00788506863449
the potential reduction:0.00684445547983
y w y:0.00684445547983
w y w:0.00657185197412
l w y:0.00650571729783
the boundedness of:0.00617351486865
f w k:0.00616000993184
k g is:0.00611181081481
standard form sdp:0.0057828598203
corollary 2 7:0.00572431757766
the dual sdp:0.00551954804414
f 0 w:0.00551954804414
w k y:0.00551954804414
g is bounded:0.00549775381782
fx k g:0.00545385028621
of the lagrangian:0.00543719352292
sequence of points:0.00513264801521
the log barrier:0.00506000234276
f z are:0.00506000234276
the newton direction:0.00483306090926
w y 0:0.00473104118069
f 0 d:0.00473104118069
t xl is:0.00473104118069
w y and:0.00460029638189
the lagrangian function:0.00445224700484
