differentiable:0.0383564843866
ncp:0.0357030155341
differentiability:0.0273649783756
differential:0.0250290193251
psi:0.0204437057502
phi:0.0172769468617
lipschitzian:0.0149567012866
complementarity:0.0138102545085
semismooth:0.013806185803
burmeister:0.0126556703194
fischer:0.00882086111007
merit:0.00786382816643
matrices:0.00769898059549
differentials:0.00714060310682
nonsmooth:0.00714060310682
nonlinear:0.005254294601
fx:0.00503542951313
stationary:0.00497723133569
gowda:0.00460206193434
bouligand:0.00460206193434
phijj:0.00460206193434
1jj:0.00460206193434
subdifferential:0.00460206193434
ravindran:0.00408034463247
thetan:0.00391520096595
nonnegative:0.00380080685945
subsequence:0.00375678139028
locally:0.00372672642566
matrix:0.00351059348623
frf:0.00345154645076
h differential:0.0653300358273
h differentiable:0.0538012059754
an h:0.0432040374112
h differentiability:0.033305508461
differentiable at:0.0276175521636
at x:0.0253590431912
ncp f:0.0204956975145
t psi:0.0192147164198
ncp function:0.0192147164198
r n:0.0185148404665
differential of:0.0184117014424
is h:0.0176450321117
t x:0.0172853442815
locally lipschitzian:0.0166527542305
fischer burmeister:0.0140907920412
p 0:0.0138645640751
row p:0.0138087760818
psi x:0.0128934658482
nonlinear complementarity:0.0128934658482
merit function:0.0128098109465
burmeister function:0.0128098109465
differentiable function:0.0126580447416
phi x:0.0118190103609
p matrix:0.0115073134015
0 property:0.0115073134015
x with:0.0109511618137
fx k:0.0107445548735
f x:0.0107390218104
differentiability of:0.0103565820613
an ncp:0.0102478487572
an h differential:0.0583671576282
is h differentiable:0.0325770182111
differentiable at x:0.0298622666935
h differentiable at:0.0298622666935
at x with:0.0233162193951
with an h:0.0230753878995
h differential of:0.0203606363819
of h differentiability:0.0203606363819
applications of h:0.0176458848643
x with an:0.0153555820989
t psi x:0.0149311333468
is a p:0.0144931889001
differential of f:0.013573757588
fischer burmeister function:0.013573757588
p 0 property:0.013573757588
f at x:0.013573757588
the row p:0.0122163818292
consists of p:0.0122163818292
the h differentiability:0.0122163818292
of f at:0.0109682729278
x consists of:0.0109682729278
has the row:0.0108590060704
h differentiability of:0.0108590060704
differential given by:0.0108590060704
an ncp function:0.0108590060704
h differential given:0.0108590060704
as an h:0.0108590060704
an h differentiable:0.0108590060704
h differentiable function:0.0108590060704
a p 0:0.0103585254995
