hypergraph:0.0408835244531
transversal:0.030446699113
branching:0.0226292012072
mintr:0.0165432179177
ffn:0.012786445915
psi:0.0118880582771
rossmanith:0.0113734623184
transversals:0.0113734623184
niedermeier:0.0103395111986
branchings:0.00916736228746
hypergraphs:0.00844447863094
vertex:0.00648714729548
mintrnonr:0.00620370671915
mintrexp:0.00620370671915
subcase:0.0060893398226
hitting:0.00559407008782
vertices:0.00552445490241
edges:0.00541029313908
fxg:0.00385478464616
jhj:0.00380583738913
yg:0.00380583738913
kullmann:0.00366694491499
hyperedges:0.00366694491499
fx:0.00348097343411
gammaff:0.00319661147876
robson:0.00310185335957
tur:0.00310185335957
branches:0.003002594379
cardinality:0.00293746583752
dominated:0.00293746583752
continous:0.00275020868624
reductions:0.00253011053783
rank:0.00251426859348
parameterized:0.00246247017404
edge:0.00240287180254
poly:0.00234280947832
zg:0.00228350243348
jt:0.00224391788927
loops:0.00217815017422
maximally:0.00216146514129
jv:0.00216146514129
dualization:0.00206790223972
stavropoulos:0.00206790223972
vales:0.00206790223972
kavvadias:0.00183347245749
hyperedge:0.00183347245749
tree:0.00180880297676
ff:0.00180116169489
worst:0.00179871219296
polynomial:0.00171412414176
branch:0.00170884755911
pick:0.00168701955513
running:0.0016539117406
recursion:0.00160325988402
exponential:0.00160103261768
qn:0.00146012587333
removed:0.00142252270164
spent:0.00136364337683
delta:0.00134037731802
return:0.00130444086977
uniform:0.00128507053704
ordinary:0.00128260790721
runs:0.0012481677503
care:0.00123234586778
covered:0.00122019488253
loop:0.00120945246294
cover:0.00112819952965
ae:0.00112802186609
mining:0.00110154968907
sat:0.00110076228527
remember:0.00108968221321
coloring:0.00108073257065
filling:0.00108073257065
formulas:0.00106445525065
correctness:0.0010479689127
overestimated:0.00103395111986
cugs:0.00103395111986
hypergraps:0.00103395111986
fzg:0.00103395111986
caen:0.00103395111986
meier:0.00103395111986
transver:0.00103395111986
berge:0.00103395111986
solveff:0.00103395111986
intractabil:0.00103395111986
dinality:0.00103395111986
nieder:0.00103395111986
disjunctive:0.00101002436735
tuple:0.000975670251474
intractability:0.000950622287703
phylogeny:0.000916736228746
domination:0.000916736228746
phylogenies:0.000916736228746
monotonously:0.000916736228746
deltan:0.000916736228746
sal:0.000916736228746
minimal:0.000863255882554
stirling:0.000848017181624
confronting:0.000848017181624
moser:0.000848017181624
sweden:0.000848017181624
damaschke:0.000848017181624
fyg:0.000848017181624
gammaq:0.000848017181624
filled:0.000833081728865
monotone:0.000823051671032
similarities:0.000823051671032
proven:0.000821866501607
labelled:0.000813266114466
caching:0.000803712249803
eiter:0.000799152869689
fvg:0.000799152869689
obeying:0.000799152869689
helper:0.000799152869689
mishra:0.000799152869689
reduc:0.000799152869689
formula:0.000763409155886
tricks:0.000761167477825
pitt:0.000761167477825
asymptotics:0.000761167477825
holland:0.000761167477825
gottlob:0.000761167477825
min:0.000745688968694
article:0.000742428814488
turned:0.00073436645938
moon:0.000730062936663
subcases:0.000730062936663
deals:0.000711058780823
lengthy:0.000703706552578
hg:0.000703706552578
listen:0.000703706552578
ceiling:0.000703706552578
smallest:0.000702047473816
approximating:0.000681821688415
biggest:0.000680825296083
settle:0.000680825296083
occuring:0.000680825296083
assignment:0.000676172845501
balance:0.000667903394763
calculated:0.000663614154905
divisions:0.000660598035763
calculating:0.000654407237834
biology:0.000642464107694
fills:0.000642464107694
catches:0.000642464107694
mathematics:0.000641303953607
finding:0.000639839963051
modification:0.000618901937772
halting:0.000610981276631
graphs:0.000608996186248
reach:0.000606518352165
maximal:0.000594295435622
concrete:0.000586548586403
reached:0.000582226578972
catch:0.000572236748738
overly:0.000572236748738
school:0.000560979472316
eg:0.000560979472316
beforehand:0.000560979472316
imperfect:0.000560979472316
spends:0.000560979472316
evolutionary:0.000560979472316
regardless:0.000558644722326
trick:0.000550381142635
tries:0.000547911001072
degree:0.0005471564719
consideration:0.000546883251298
lem:0.000540366285323
fe:0.000540366285323
leaf:0.00053740179565
temporarily:0.000530871677491
graduate:0.000530871677491
polynomially:0.000530871677491
thorough:0.000530871677491
motivation:0.00052203311546
np:0.00052203311546
labels:0.000517010116472
subgraphs:0.000513237093345
car:0.000513237093345
ity:0.000513237093345
linking:0.000513237093345
afterwards:0.000505012183674
seeks:0.000505012183674
branching number:0.0299305951942
psi k:0.0172676510736
minimum transversal:0.0149652975971
hypergraph h:0.0134436308479
o 1:0.0117518060902
branching numbers:0.00920941390592
running time:0.00911631056488
hitting set:0.00805823716768
transversal hypergraph:0.00805823716768
mintr h:0.00805823716768
psi 0:0.00805823716768
f h:0.00774207721613
case 4:0.00774207721613
number branching:0.00690706042944
uniform hypergraph:0.00690706042944
subcase d:0.00690706042944
number cases:0.00690706042944
edge fx:0.00690706042944
o 2:0.0062612916316
branching tree:0.00620475269904
independent sets:0.00593712113467
exponential space:0.00579347268345
transversal problem:0.0057558836912
smallest transversal:0.0057558836912
hypergraph problem:0.0057558836912
uniform hypergraphs:0.0057558836912
fx yg:0.0057558836912
mintr 0:0.0057558836912
h 0:0.0052193181732
r h:0.00521125741296
rank 3:0.0051706272492
polynomial space:0.00508896097258
poly n:0.00482789390287
d 2:0.00476707306003
vertex x:0.00467546736261
minimal transversals:0.00460470695296
mintrnonr h:0.00460470695296
gammaff n:0.00460470695296
ordinary graphs:0.00460470695296
k formula:0.00460470695296
case analysis:0.00427759004061
final case:0.00413650179936
v 0:0.0040733198587
worst case:0.00406602827686
vertex cover:0.0038623151223
cases 1:0.00346003616007
jt r:0.00345353021472
use exponential:0.00345353021472
fxg 2:0.00345353021472
algorithm mintr:0.00345353021472
case branching:0.00345353021472
maximally reduced:0.00345353021472
loop fxg:0.00345353021472
rossmanith 13:0.00345353021472
maximum d:0.00345353021472
cases 0:0.00345353021472
using psi:0.00345353021472
needs polynomial:0.00345353021472
search tree:0.00340470043531
ae v:0.00339264064838
time o:0.00336644433969
k 0:0.0031065328274
min h:0.00310237634952
r uniform:0.00310237634952
one 2:0.00289673634172
maximum independent:0.00289673634172
n h:0.00286602160836
related problems:0.00276802892806
n time:0.00275236969997
n delta:0.00246595716904
independent set:0.00246595716904
every v:0.00239786283409
f k:0.00236264980344
return 1:0.00230235347648
called hyperedges:0.00230235347648
third branches:0.00230235347648
empty return:0.00230235347648
ffn ffn:0.00230235347648
return fxg:0.00230235347648
branching tuple:0.00230235347648
cardinality 3:0.00230235347648
fx zg:0.00230235347648
hypergraph transversals:0.00230235347648
associated hypergraph:0.00230235347648
monotone disjunctive:0.00230235347648
since case:0.00230235347648
approximating coloring:0.00230235347648
branching b:0.00230235347648
actual branching:0.00230235347648
mintrexp h:0.00230235347648
h return:0.00230235347648
degree hypergraphs:0.00230235347648
mintrnonr algorithm:0.00230235347648
input hypergraph:0.00230235347648
output smallest:0.00230235347648
niedermeier and rossmanith:0.0121980698459
o 1 6737:0.00853864889213
subcase d 2:0.00731884190754
number branching number:0.00731884190754
case 4 subcase:0.00731884190754
cases for case:0.00731884190754
psi 0 k:0.00731884190754
branching number branching:0.00731884190754
branching number cases:0.00731884190754
rossmanith s algorithm:0.00609903492295
transversal hypergraph problem:0.00609903492295
minimum transversal problem:0.00609903492295
o 1 6316:0.00609903492295
number of 2:0.00517149919308
d 2 x:0.00487922793836
o 2 270:0.00487922793836
formula for branching:0.00487922793836
