powerset:0.0266604954338
algebra:0.0255712244947
sparse:0.0180195604871
relational:0.0163487576941
nested:0.0107969189871
nonemptiness:0.00947217220443
flat:0.00933674199925
expressible:0.00901649375207
paredaens:0.00830922901122
database:0.0076254115484
suciu:0.00736724504789
nesting:0.00708438794805
gebra:0.00593516357944
schema:0.00572802795722
fixpoint:0.00548414713417
proposition:0.00471453741988
expressions:0.00471220436293
equa:0.00468974916551
equations:0.00462933850849
parity:0.00456590702093
databases:0.00453572375827
expression:0.00430836672782
query:0.00423337805708
delta:0.00410353822359
transitive:0.0040816728158
fxg:0.00368792054078
fagin:0.00366988567679
sparsity:0.00359354757761
closure:0.00350212698044
operator:0.00342436768902
equation:0.0033632919953
kolaitis:0.00315739073481
fewp:0.00315739073481
sym:0.00312649944367
fragment:0.00311943016276
np:0.00299661354839
alge:0.00292071100526
unambiguous:0.00280576035067
equals:0.00277635059669
bra:0.00275241425759
frg:0.00275241425759
deed:0.00275241425759
polynomial:0.00272479670335
subgroup:0.00252747121201
liebeck:0.00237406543178
wonder:0.00234487458275
names:0.00221860584465
vianu:0.00210492715654
abiteboul:0.00210492715654
primitive:0.00206022041282
pi:0.00198563913874
analogue:0.00197087772025
schemas:0.00197087772025
permutation:0.0019169745199
unnesting:0.0018349428384
polynomially:0.00182840959408
tuples:0.0017685009889
asking:0.00176767317847
appendix:0.00176020532009
jrj:0.001747724203
sentence:0.00173934523334
alt:0.00167630475722
automorphism:0.00167630475722
enumerate:0.0016611519471
operators:0.00162473827852
ary:0.00159135282984
tc:0.00156324972184
monadic:0.00156324972184
singleton:0.00150844743907
logic:0.00150175102824
rid:0.00147516821631
occurring:0.00140085079217
relation:0.00139833246101
relations:0.0013603703416
strategy:0.00132142026845
cardinality:0.00126463958884
rg:0.001263735606
innermost:0.001263735606
intermediate:0.00124245058979
fx:0.00119890464938
undecidable:0.0011982108026
assum:0.00118703271589
hillebrand:0.00118703271589
roundabout:0.00118703271589
blows:0.00118703271589
wel:0.00118703271589
detective:0.00118703271589
biguous:0.00118703271589
bochert:0.00118703271589
ebbinghaus:0.00118703271589
imprimitive:0.00118703271589
disequations:0.00118703271589
disequation:0.00118703271589
directness:0.00118703271589
jaut:0.00118703271589
vdb:0.00118703271589
aszl:0.00118703271589
gyssens:0.00118703271589
frivolous:0.00118703271589
contri:0.00118703271589
flum:0.00118703271589
grumbach:0.00118703271589
erful:0.00118703271589
arity:0.00117844878565
complements:0.00117844878565
theta:0.00114229702548
name:0.00114229702548
invoking:0.00114147675523
remark:0.00113103766775
tuple:0.00112012307562
existential:0.0011074346314
solutions:0.00109241068894
accepting:0.0010758696207
fragments:0.0010758696207
constructs:0.00106692250891
equality:0.00105654202121
unnest:0.00105246357827
jgj:0.00105246357827
unam:0.00105246357827
aut:0.00105246357827
gucht:0.00105246357827
turing:0.00104642612658
permutations:0.00100563162605
alternating:0.000992819569368
neighbors:0.000990532813786
fr:0.000980361010631
rediscovered:0.000973570335087
disguise:0.000973570335087
definability:0.000973570335087
babai:0.000973570335087
crux:0.000973570335087
unresolved:0.000973570335087
elegant:0.000968235320975
enumeration:0.000956423614404
nothing:0.000925450198896
gin:0.000917471419198
automorphisms:0.000917471419198
conjecture:0.000891265760787
sufficiently:0.000890334046133
showed:0.000885008769553
duction:0.000873862101502
definable:0.000873862101502
formu:0.000873862101502
stars:0.000873862101502
talking:0.000873862101502
symbol:0.000873278922069
disallow:0.000838152378612
pow:0.000838152378612
recalls:0.000838152378612
finite:0.000812022437326
uation:0.000807893801025
deterministic:0.000802083941697
introduces:0.000792406515908
tg:0.000781624860918
strictness:0.000781624860918
closures:0.000781624860918
oe:0.000777018661854
express:0.000759302692481
evaluates:0.000758984245896
lation:0.000758402854296
argu:0.000758402854296
recognizable:0.000758402854296
inclusions:0.000758402854296
transitively:0.000758402854296
standpoint:0.000758402854296
guages:0.000758402854296
augmented:0.000743719418634
clutter:0.000737584108155
invert:0.000737584108155
merely:0.000728890096045
decided:0.000728890096045
subexpression:0.000718709515522
stem:0.000718709515522
bution:0.000718709515522
spectra:0.000718709515522
quantifier:0.000718709515522
conversely:0.000707400395558
equivalently:0.000707400395558
recursively:0.000703401376083
las:0.000701440087667
conjectured:0.000701440087667
ready:0.000700425396087
stands:0.000700425396087
atomic:0.000700425396087
ask:0.000693539566181
exponential:0.000689277541713
nested relational:0.0343655207463
equation algebra:0.0343628261899
relational algebra:0.0305910940275
powerset algebra:0.0237896489007
algebra expression:0.0201852427794
sparse equations:0.0185030602561
algebra expressions:0.0133027822244
finite domain:0.0126320076862
natural evaluation:0.0118948244504
database b:0.011579340379
expression e:0.0111198079561
polynomial space:0.00973758792372
relation names:0.00949809995044
evaluation strategy:0.00943708347503
free e:0.00925153012805
relation variables:0.00925153012805
sparse equation:0.00925153012805
relation name:0.00831083745664
nonemptiness problem:0.0079298829669
transitive closure:0.00710029237646
al gebra:0.00660823580575
sparse powerset:0.00660823580575
fixpoint query:0.00660823580575
parity query:0.00660823580575
powerset operator:0.00660823580575
relational databases:0.00646963774687
e 1:0.00607423874108
domain d:0.00565635131422
type 0:0.00554282592682
algebra equation:0.0052865886446
nesting operator:0.0052865886446
equation expression:0.0052865886446
solution operator:0.0052865886446
order logic:0.00509647712154
e 2:0.00460258986901
form e:0.00458824508613
flat relational:0.00443426074145
using sparse:0.00443426074145
equation e:0.00443426074145
proposition 7:0.0042768492139
input database:0.00403704855588
recursively evaluating:0.00396494148345
powerset expression:0.00396494148345
every fixpoint:0.00396494148345
logic sentence:0.00396494148345
sym d:0.00396494148345
equations occurring:0.00396494148345
flat variable:0.00396494148345
space fragment:0.00396494148345
asking whether:0.00356178748142
equality type:0.00356178748142
occur free:0.00356178748142
relation variable:0.00356178748142
define definition:0.00356178748142
database schema:0.00349612503172
permutation groups:0.00332569555609
evaluating e:0.00332569555609
finite model:0.00332569555609
alge bra:0.00332569555609
set delta:0.00332569555609
r equals:0.00332569555609
intermediate results:0.00317792868221
equa tion:0.00315800192156
pi r:0.00315800192156
fixed set:0.00312710465069
equa tions:0.00302778641691
database schemas:0.00302778641691
polynomially many:0.00302778641691
given database:0.00302778641691
query language:0.00295090753917
power set:0.00292127637712
model theory:0.00292127637712
solution set:0.00292127637712
e b:0.00287539455417
let r:0.00276865334834
polynomial size:0.00275294705168
e 6:0.00268391375606
relation r:0.00268349663399
natural strategy:0.0026432943223
existential second:0.0026432943223
expression proof:0.0026432943223
solution expression:0.0026432943223
powerset expressions:0.0026432943223
suciu paredaens:0.0026432943223
expressible using:0.0026432943223
r ary:0.0026432943223
np properties:0.0026432943223
sparse fragment:0.0026432943223
nonemptiness problems:0.0026432943223
theorem fag74:0.0026432943223
many accepting:0.0026432943223
paredaens sp97:0.0026432943223
variable equation:0.0026432943223
algebra proposition:0.0026432943223
algebra either:0.0026432943223
flat databases:0.0026432943223
e tc:0.0026432943223
proposition given:0.0026432943223
expression sparse:0.0026432943223
equation alge:0.0026432943223
flat schema:0.0026432943223
space powerset:0.0026432943223
nested relational algebra:0.025208557122
algebra expression e:0.0140047539567
