beta:0.0628202816512
lattices:0.0215847035642
pv:0.0176448194404
lattice:0.0150337701094
quasicrystals:0.013045157128
tiling:0.0100214780555
delaunay:0.00997864824951
tiles:0.00921105992262
meyer:0.00878132969318
crystallographic:0.00869677141864
integers:0.00853951208133
symmetry:0.0080517716598
tilings:0.00760967499131
rotations:0.00720636496285
plane:0.00653911862576
cyclotomic:0.00652257856398
crystals:0.00578313999531
rotational:0.00552846918206
pisot:0.00543548213665
tile:0.0053731182882
rotation:0.00507383378749
law:0.00475946186088
algebraic:0.00452019489797
quasiperiodic:0.00434838570932
laws:0.00418150329266
distributive:0.00405292139685
asymptotic:0.00394616046088
quadratic:0.00378095986058
ring:0.00373218133374
additive:0.00371526885906
expansion:0.0036726583546
multiplication:0.003659896209
asymptotically:0.00359121343273
multiplicative:0.00350360922767
translations:0.00340884736392
counting:0.00333762418138
bravais:0.00326128928199
crystallography:0.00326128928199
quasicrystallographic:0.00326128928199
vijayaraghavan:0.00326128928199
parry:0.00326128928199
galois:0.00320116659231
quadrilateral:0.00320116659231
rotationally:0.00320116659231
group:0.00307209942493
crystal:0.00295950887621
conjugate:0.00261343955791
decorated:0.00252068849149
periodic:0.00235993489627
abelian:0.00230276498066
elementary:0.00227308521576
cos:0.0022326343785
artin:0.00217419285466
recurrence:0.00205896141796
invariant:0.00204051049655
freely:0.00199896895096
decoration:0.00192771333177
pentagonal:0.00192771333177
penrose:0.00192771333177
schreier:0.00192771333177
fold:0.00191665501455
behaviour:0.00190948685122
actions:0.00190254591248
invertible:0.00184282306069
associative:0.00184193499177
conjugates:0.00178321089025
isometries:0.00178321089025
internal:0.00172483858863
shall:0.00171781869797
substitution:0.00171013633145
arithmetics:0.00168045899433
groups:0.00164289445618
appendix:0.00161201362795
self:0.00159612162015
denser:0.00153517665377
proposition:0.00152386605804
action:0.00151833180102
semi:0.00150912887339
translational:0.00147975443811
alphabet:0.00145737682945
units:0.00145138761705
eventually:0.00145138761705
regime:0.00143163972221
sl:0.00143163972221
joining:0.00141823548737
generically:0.00138910583061
ordinary:0.00134853422644
vertices:0.00132009387713
similarity:0.00132009387713
ls:0.00131640271773
symmetries:0.00131640271773
leaving:0.0013086328894
equivalently:0.0012956887075
endowed:0.0012847716884
operators:0.00127538704893
distortion:0.00125560919188
ss:0.00122854870713
isomorphic:0.00122434513984
integer:0.00121781573503
assert:0.00120329967866
thinking:0.00117962787302
canonical:0.00114569211073
contraction:0.00111631718925
rings:0.00111631718925
composition:0.00108716909284
quasimultiplicative:0.00108709642733
distorts:0.00108709642733
nombres:0.00108709642733
imitating:0.00108709642733
quasiadditive:0.00108709642733
quasicrystalline:0.00108709642733
bieberbach:0.00108709642733
conjugation:0.00108709642733
quasicrystal:0.00108709642733
arithmetically:0.00108709642733
myampersandbgr:0.00108709642733
dodecagonal:0.00108709642733
reexpressed:0.00108709642733
decagonal:0.00108709642733
harmonique:0.00108709642733
motives:0.00108709642733
consequence:0.00107176706762
ll:0.00104537582316
ball:0.00102948070898
horizontal:0.00102165851721
deduced:0.00101419970586
inversion:0.00101419970586
mathematical:0.000989014561663
cited:0.000985292153522
sgn:0.000963856665885
moduli:0.000963856665885
aperiodicity:0.000963856665885
superpositions:0.000963856665885
perron:0.000963856665885
packings:0.000963856665885
imitation:0.000963856665885
decorate:0.000963856665885
potentiality:0.000963856665885
historically:0.000963856665885
noncommutative:0.000963856665885
zeros:0.000958327507273
letters:0.000943385224483
axis:0.000943385224483
acting:0.000933045333434
infinitely:0.000933045333434
said:0.000907646044631
hopeless:0.000891605445125
game:0.000865356701978
z:0.000861541859273
infinite:0.000858909348983
bertrand:0.000840229497163
idealization:0.000840229497163
indi:0.000840229497163
dense:0.000816230093227
behaves:0.000807043886646
displayed:0.000807043886646
duals:0.000800291648079
equip:0.000800291648079
golden:0.000800291648079
easiest:0.000800291648079
recover:0.000780589813461
article:0.000780589813461
aperiodic:0.000767588326885
endow:0.000767588326885
hexagonal:0.000767588326885
plication:0.000767588326885
salem:0.000767588326885
delicate:0.000767588326885
eligible:0.000767588326885
richness:0.000767588326885
radius:0.000763794740488
kind:0.000757913977277
adapted:0.000740011216903
orbit:0.000739877219053
erently:0.000739877219053
realm:0.000739877219053
compatible:0.000739726189923
digit:0.000715819861106
tempting:0.000715819861106
ergodic:0.000715819861106
trivially:0.000695085359543
bm:0.000694552915304
inclusions:0.000694552915304
deformed:0.000694552915304
classical:0.000677290380091
spheres:0.000675486899475
merit:0.000675486899475
symmetrical:0.000658201358863
striking:0.000658201358863
countable:0.000658201358863
origin:0.0006543164447
rotates:0.0006423858442
ered:0.0006423858442
digits:0.0006423858442
beta integers:0.0375210966619
beta lattices:0.0338900227914
lattice 1:0.0205760852662
beta lattice:0.0157346534388
quadratic pv:0.0133139375252
delaunay set:0.0108932216115
beta expansion:0.00968286365468
b n:0.00889092376076
pv number:0.00847250569784
point sets:0.00802587152855
symmetry group:0.00771222025729
case 2:0.00766797914701
pv unit:0.00726214774101
plane group:0.00726214774101
meyer sets:0.00726214774101
case 1:0.0060658697949
pv units:0.00605178978417
rotational properties:0.00605178978417
meyer set:0.00605178978417
plane groups:0.00605178978417
z z:0.0059860458204
r d:0.00508052786329
eventually periodic:0.00484143182734
internal laws:0.00484143182734
point group:0.00484143182734
beta integer:0.00484143182734
algebraic integer:0.00484143182734
asymptotic behaviour:0.00484143182734
freely generated:0.00484143182734
r q:0.00460634639988
semi direct:0.00434915656302
u q:0.00420189223807
rotationally invariant:0.00406087413408
counting function:0.00406087413408
self similarity:0.00400216759303
r n:0.00399864663049
direct product:0.00369710917208
mathematical quasicrystals:0.0036310738705
canonical alphabet:0.0036310738705
counting system:0.0036310738705
delaunay sets:0.0036310738705
like lattices:0.0036310738705
multiplicative properties:0.0036310738705
quasicrystallographic numbers:0.0036310738705
rotation actions:0.0036310738705
quadrilateral tile:0.0036310738705
adapted rotations:0.0036310738705
bravais lattices:0.0036310738705
elementary quadrilateral:0.0036310738705
trivial tiling:0.0036310738705
invertible operators:0.0036310738705
pisot vijayaraghavan:0.0036310738705
set z:0.0032772199879
joining points:0.00326186742226
n fold:0.00326186742226
lattices 1:0.00326186742226
direction defined:0.00326186742226
symmetry plane:0.00326186742226
abelian group:0.00326186742226
real numbers:0.00313957944538
q l:0.00313337394632
q b:0.00313337394632
points left:0.00304565560056
group structure:0.00304565560056
new internal:0.00304565560056
cos 2:0.00304565560056
point set:0.0030133618435
n z:0.00296003351881
sets based:0.00289208259648
proof case:0.00289208259648
holds true:0.00259273036157
points along:0.00259273036157
result proposition:0.00252113534284
set r:0.00251166355631
appendix b:0.00243185810196
r 1:0.0024215608625
asymptotically like:0.00242071591367
tiles l:0.00242071591367
ordinary multiplication:0.00242071591367
counting systems:0.00242071591367
cyclotomic pv:0.00242071591367
ordered ring:0.00242071591367
crystallographic groups:0.00242071591367
translational properties:0.00242071591367
artin schreier:0.00242071591367
lattice case:0.00242071591367
additive group:0.00242071591367
elementary tiles:0.00242071591367
observed quasicrystals:0.00242071591367
group structures:0.00242071591367
extended rotations:0.00242071591367
tiling obtained:0.00242071591367
crystallographic group:0.00242071591367
