ospf:0.0276668400709
heurospf:0.0166354501279
routing:0.0121810547535
unitospf:0.0115523959222
arcs:0.0111832991166
arc:0.0101774673762
invcapospf:0.0101661084115
flow:0.00992153060369
utilization:0.00853219732985
worldnet:0.00831772506396
phi:0.00763307045067
jxj:0.00757223997447
weight:0.00690609433296
capacity:0.00611693453436
randomospf:0.00600724587953
demand:0.00593968331546
tabu:0.00568496713787
opt:0.00544468004914
backbone:0.0053158946182
waxman:0.00462095836887
shortest:0.00458580884839
weights:0.00426466188027
canonical:0.00422069532403
capacities:0.00417778757212
destination:0.00417556766866
neighborhood:0.00410255955421
max:0.00397431553516
hashing:0.00392345064828
clause:0.00377358228683
diversification:0.00369676669509
mpls:0.00369676669509
paths:0.00354703564715
demands:0.00328517585149
loads:0.00293609128218
splitting:0.00291594994891
packet:0.00275968540417
evenly:0.00274035186336
satisfiable:0.00273848420909
oblivious:0.00266863070164
inapproximability:0.00265298466434
load:0.00256539914793
hardness:0.00252314825698
uncap:0.00231047918443
going:0.00224008656988
traffic:0.0021111067583
units:0.00205648784133
zegura:0.002048549427
routings:0.002048549427
links:0.00201171615804
psi:0.00193201404628
hash:0.00193020932998
cycling:0.0018870130053
heuristic:0.00187836520684
fx:0.00186686968232
np:0.0018664660233
calvert:0.00184838334755
cisco:0.00182565613939
internetworks:0.00178579628682
congested:0.00177141605431
flows:0.00173921074491
commodity:0.00172278931071
settings:0.00164175515389
outgoing:0.00154596510658
heuristics:0.00151265266553
splits:0.00148929128777
zemel:0.00138628751066
optospf:0.00138628751066
woodruff:0.00138628751066
search:0.00138511399302
literals:0.00137626268563
synthetic:0.00124258879074
recommended:0.00122988809542
rodrigues:0.0012291296562
router:0.00118629201796
collisions:0.00118629201796
internet:0.00115807978184
escape:0.00114852620714
descent:0.00114688557136
astad:0.00113699342757
dijkstra:0.00111913570909
leading:0.00110910393741
visited:0.00110352049557
projected:0.00110352049557
congestion:0.00107777343865
clauses:0.00106507610635
graphs:0.00103426116416
glover:0.00102054821332
optimizing:0.00100314568559
setting:0.000994384253231
assignment:0.000982139402427
leaving:0.000973463936826
inversely:0.000949033614369
ramakrishnan:0.000943506502651
moves:0.000924253450136
normalized:0.000924253450136
jjxj:0.000924191673773
aly:0.000924191673773
otchel:0.000924191673773
ffc:0.000924191673773
tecchiolli:0.000924191673773
wess:0.000924191673773
capacitated:0.000924191673773
bley:0.000924191673773
concrete:0.000917495799812
network:0.000894760508388
iv:0.00088059543875
intra:0.000875209848573
optimize:0.000834397660136
iterations:0.00082980327617
uncapacitated:0.000819419770801
resorted:0.000819419770801
awduche:0.000819419770801
jp:0.000819183515327
balancing:0.000811672177698
path:0.000805270679898
incoming:0.000802993782434
gap:0.000794173075019
goes:0.000785591615814
occurrences:0.000763722121649
rexford:0.000757995618382
evening:0.000757995618382
battiti:0.000757995618382
tables:0.000755714182881
associate:0.000749012391962
sent:0.000745056633623
exploration:0.000744645643883
sat:0.000737932857254
node:0.000730344657834
clever:0.000724505267355
proportional:0.000715537217515
gammaffi:0.000714318514728
pretty:0.000714318514728
vx:0.000714318514728
guiding:0.000714318514728
morning:0.000714318514728
stays:0.000711775210776
objective:0.000710153766935
maximal:0.000708277058512
gets:0.000705793414717
split:0.00069202928673
tx:0.000680365475546
jq:0.000680365475546
scalings:0.000680365475546
optimality:0.000670963228216
secondary:0.00066361602163
hard:0.000657221170154
nodes:0.000654867100701
spreads:0.00065256284793
sx:0.00065256284793
attributes:0.000648974081873
encountered:0.000642668455867
link:0.000632488712808
distance:0.00062993888507
fi:0.00062911825296
primes:0.000629004335101
distances:0.000624176993302
drawback:0.000622289894106
piecewise:0.000611039380249
vendor:0.000608552046464
protocol:0.000607156796133
scaled:0.000603173359515
leaf:0.000600442147931
approaching:0.000590472018104
winner:0.000590472018104
networks:0.000590356113351
cope:0.000587218256435
arriving:0.000587218256435
schemes:0.000585745370942
solutions:0.000579901032488
decrease:0.000552341818727
closer:0.000550372149219
unit:0.000550325186117
spots:0.000546122343551
jn:0.000546122343551
jennifer:0.000546122343551
universal:0.000539971210496
ff:0.000536652913136
hour:0.000533726140327
max utilization:0.0221822714032
weight setting:0.0174909127466
ospf routing:0.0129396583186
local search:0.011567084559
canonical flow:0.0108032108141
general routing:0.0102887722039
unitospf heurospf:0.0092598949835
worldnet backbone:0.00823101776311
ospf weight:0.00720214054272
jxj units:0.00668770193253
search heuristic:0.00617326332234
p c:0.00595992200001
tabu search:0.00554556785081
shortest paths:0.00544327080896
cost function:0.00531740407657
demand matrix:0.00514438610195
invcapospf unitospf:0.00514438610195
weight settings:0.00508343719658
f x:0.00483029419826
v x:0.00481769152854
heurospf opt0:0.00462994749175
demand invcapospf:0.00462994749175
opt figure:0.00462994749175
utilization demand:0.00462994749175
heurospf opt:0.00462994749175
clause c:0.00432130276591
q x:0.00425090428989
optimal general:0.00415917588811
setting problem:0.00411550888156
function phi:0.00388348626645
weight equal:0.00388348626645
shortest path:0.00382314444407
even splitting:0.00369704523387
c fx:0.00369704523387
routing problem:0.00367329515009
normalized cost:0.00360107027136
optimal ospf:0.00360107027136
cost demand:0.00360107027136
non canonical:0.00360107027136
demand unitospf:0.00360107027136
waxman graphs:0.00360107027136
np hard:0.00323813621719
traffic flow:0.00323491457964
ospf weights:0.00308663166117
splitting flow:0.00308663166117
node u:0.00285748934478
flow corresponding:0.00277278392541
neighborhood structure:0.00277278392541
commodity flow:0.00277278392541
cost phi:0.00257219305097
packet cost:0.00257219305097
optimizing ospf:0.00257219305097
flow going:0.00257219305097
flow leads:0.00257219305097
phi uncap:0.00257219305097
satisfiable assignment:0.00257219305097
hashing tables:0.00257219305097
multi commodity:0.00245844453387
w 0:0.00243727333787
paths going:0.00235707423595
v w:0.00235018257423
single weight:0.00231065327117
cost functions:0.00220168104952
oblivious heuristics:0.00205775444078
leaving u:0.00205775444078
improving moves:0.00205775444078
non improving:0.00205775444078
destination pair:0.00205775444078
level graphs:0.00205775444078
neighborhood exploration:0.00205775444078
capacity jxj:0.00205775444078
source destination:0.00204870377823
optimal cost:0.00204870377823
u v:0.00199633877856
current solution:0.00189513182693
unit weight:0.00184852261694
level graph:0.00184852261694
intra domain:0.00184852261694
cost factor:0.0017259938962
theorem 4:0.00166743840726
bit integer:0.00163896302258
traffic engineering:0.00163896302258
units of flow:0.00763080218979
ospf weight setting:0.00763080218979
local search heuristic:0.00654068759125
invcapospf unitospf heurospf:0.00545057299271
unit of flow:0.00545057299271
max utilization demand:0.00490551569344
heurospf opt0 20:0.00490551569344
demand invcapospf unitospf:0.00490551569344
unitospf heurospf opt:0.00490551569344
unitospf heurospf opt0:0.00490551569344
heurospf opt figure:0.00490551569344
p c fx:0.00436045839417
general routing problem:0.00436045839417
cost function phi:0.00436045839417
weight setting problem:0.00436045839417
demand unitospf heurospf:0.00381540109489
x or f:0.00381540109489
x t x:0.00327817304434
optimal general routing:0.00327034379562
psi a l:0.00327034379562
multi commodity flow:0.00295663595311
utilization demand invcapospf:0.00272528649635
going through f:0.00272528649635
non canonical flow:0.00272528649635
hard to optimize:0.00272528649635
arc a 2:0.00272528649635
path p c:0.00272528649635
within a factor:0.00259742720808
optimal ospf routing:0.00218022919708
