cover:0.0303467938779
covering:0.0146573643517
vertex:0.0146114192746
strip:0.0117777956023
opt:0.00821566594543
lp:0.00761579393199
outerplanar:0.00675861604379
ld:0.00596872393121
strips:0.00563241541787
coverage:0.00531166552801
dual:0.00516296955002
width:0.00505697002666
disks:0.00499714440588
covered:0.00461929748825
shifting:0.00435833093761
vertices:0.00400267078049
uncovered:0.00392593186743
approximation:0.00385202665008
covers:0.0038433059781
primal:0.00368543233065
graphs:0.00359169471832
planar:0.00327982165294
ptas:0.00318458606946
hochbaum:0.00292252011765
pr:0.00291674400908
rounding:0.00279382176767
relaxation:0.00272230301864
edges:0.00269497001386
greedy:0.0025622039854
expanders:0.00254766885557
delta:0.00231458052882
expander:0.00224338963853
chebyshev:0.00224338963853
sa:0.0022354764408
cantelli:0.00219189008824
optimally:0.0021501235039
packing:0.0020795227788
outliers:0.0019477849969
dfs:0.00191075164167
geometric:0.00171594218131
partial:0.00169313771819
multicuts:0.00164809835899
massaging:0.00164809835899
slav:0.00164809835899
maass:0.00164809835899
duh:0.00164809835899
bodlaender:0.00164809835899
rer:0.00164809835899
approximating:0.00163021614497
round:0.00158892440424
baker:0.00153611329578
asz:0.00146126005883
lov:0.00146126005883
segev:0.00146126005883
feasible:0.00145016802299
sc:0.00139691088384
rounds:0.00139623770302
partition:0.00135418487849
asaf:0.00135172320876
randomized:0.00134453849268
pick:0.00134453849268
diameter:0.00134431597568
semidefinite:0.00127383442778
decompositions:0.00124771366728
degree:0.00123555571795
cov:0.00121328643785
danny:0.00121328643785
ffi:0.00116868407045
jh:0.00116370639266
polynomial:0.00115596511434
obstacle:0.00115318717059
inequality:0.0011001919838
decomposable:0.00108522253295
chernoff:0.00108522253295
4d:0.00108522253295
levin:0.00108522253295
guessing:0.0010529806659
ver:0.0010529806659
np:0.00104013853315
letting:0.00100823698176
facility:0.000995937286503
squares:0.000960826494525
tail:0.000960826494525
semi:0.000953301211839
forest:0.000951786518952
fractional:0.000931273922558
pos:0.000931273922558
gamma:0.000910660692417
expectation:0.000907413058689
highest:0.000890280251176
tree:0.000887137672619
criteria:0.000881490251892
sion:0.000877297041008
formulation:0.00086421740282
square:0.000862520784287
decomposition:0.000862520784287
ratio:0.000861779657355
coloring:0.000861333549519
strategy:0.000840897082246
wish:0.000838770254104
fx:0.000832290786424
jopt:0.000824049179497
costliest:0.000824049179497
equaled:0.000824049179497
individu:0.000824049179497
gavril:0.000824049179497
qilian:0.000824049179497
golovin:0.000824049179497
setcover:0.000824049179497
pactly:0.000824049179497
qingchun:0.000824049179497
cjx:0.000824049179497
nagarajan:0.000824049179497
mohit:0.000824049179497
lovmyampersand:0.000824049179497
thetald:0.000824049179497
ik:0.000818090135086
hardness:0.000818090135086
italic:0.000804979785988
jx:0.000792423806838
variance:0.00079034091063
costs:0.000789412988515
raise:0.000780374870356
collection:0.000777067937616
integral:0.000766669700281
matching:0.000765440200986
star:0.000757636895157
bounded:0.000738034389978
equality:0.000733461322531
weighted:0.000733461322531
ponent:0.000730630029413
chv:0.000730630029413
mulation:0.000730630029413
maxfk:0.000730630029413
atal:0.000730630029413
viswanath:0.000730630029413
suitably:0.000726438774155
facilities:0.000716707834632
ffl:0.000710745664936
implying:0.00070727418665
appendix:0.000698257683262
incident:0.000698118851508
guess:0.000689224602301
relax:0.00068057575466
serial:0.00068057575466
erage:0.000675861604379
als:0.000675861604379
sz:0.000675861604379
asc:0.000675861604379
multicut:0.000675861604379
homogenous:0.000675861604379
isoperimetric:0.000675861604379
disk:0.000661401281537
sup:0.000655964330587
exhaustive:0.00064816533535
partitions:0.000642456157154
approximate:0.000638644162196
collec:0.000636917213891
judiciously:0.000636917213891
yehuda:0.000636917213891
permissible:0.000636917213891
timization:0.000636917213891
pairwise:0.000618725001476
complementary:0.000618725001476
vlsi:0.000618725001476
unweighted:0.000606643218925
ering:0.000606643218925
fz:0.000606643218925
integrality:0.000606643218925
sible:0.000606643218925
recourse:0.000606643218925
itively:0.000606643218925
families:0.000604942039126
belongs:0.000599760328566
union:0.000587316181084
cardinality:0.000585283062883
recipe:0.00058185319633
coverings:0.00058185319633
afford:0.00058185319633
generalization:0.000580306500404
modified:0.00057951134972
ip:0.000578977552846
edge:0.00057451977157
fl:0.000572787127462
vertex cover:0.0477109057176
k vertex:0.0222523175438
set cover:0.0215468606467
cover problem:0.0169296762224
partial covering:0.0146791276205
full coverage:0.00988991890835
covering problem:0.00906575899932
l outerplanar:0.00825700928655
approximation algorithms:0.00788607587569
optimal solution:0.00777290060693
tree width:0.00769530737381
shifting strategy:0.00741743918126
geometric covering:0.00733956381027
covering case:0.00733956381027
k set:0.00659327927224
partial vertex:0.00642211833399
width ld:0.00642211833399
planar graphs:0.00630537945301
covering problems:0.00576911936321
average degree:0.00576911936321
outerplanar graph:0.0055046728577
least k:0.00542684178495
primal dual:0.00511509744188
partial set:0.00494495945418
coverage version:0.00494495945418
lp relaxation:0.00461718442428
ffl k:0.00458722738142
uncovered elements:0.00458722738142
property p:0.00434720457076
semi local:0.00412079954515
dual feasible:0.00412079954515
highest cost:0.0038476536869
approximation scheme:0.00382201678822
approximation algorithm:0.00374072880172
partial coverage:0.00366978190513
partial cover:0.00366978190513
chosen sets:0.00366978190513
full covering:0.00366978190513
cover full:0.00366978190513
performance ratio:0.00365364102991
approximate solution:0.00356262344085
h delta:0.00350298858501
time approximation:0.00350298858501
feasible solution:0.00349158828833
k elements:0.00342617055076
constant average:0.00329663963612
multi criteria:0.00329663963612
points covered:0.00329663963612
f sets:0.00329663963612
set covering:0.00329663963612
n opt:0.00329663963612
randomized rounding:0.00307812294952
bounded tree:0.00307812294952
polynomial time:0.0030630024239
given points:0.00292291282393
packing problems:0.00292291282393
cost set:0.00292291282393
maximum degree:0.00280461386045
degree graphs:0.002802390868
linear time:0.00276500501609
cover problems:0.00275233642885
maximum matching:0.00275233642885
delta gamma:0.00275233642885
l partitions:0.00275233642885
strip j:0.00275233642885
tail bounds:0.00275233642885
modified instance:0.00275233642885
cantelli inequality:0.00275233642885
bounded average:0.00275233642885
problems approximation:0.00275233642885
chebyshev cantelli:0.00275233642885
bounded degree:0.00248411689758
graphs approximation:0.00247247972709
approximation technique:0.00247247972709
expander graphs:0.00247247972709
e c:0.00235933302123
sets chosen:0.00230859221214
outerplanar graphs:0.00230859221214
location problems:0.00230859221214
end point:0.00228411370051
cost function:0.00225786037113
minimum cost:0.00224369108836
tree decomposition:0.00219218461795
pr u:0.00219218461795
diameter d:0.00219218461795
improved approximation:0.002101793151
k points:0.002101793151
dual variables:0.002101793151
facility location:0.002101793151
solved optimally:0.002101793151
k edges:0.002101793151
let opt:0.002101793151
greedy algorithm:0.00207659014487
x j:0.00204550015972
lower bound:0.00204472725224
graph g:0.00202892872228
dynamic programming:0.00202160715705
local optimization:0.00196527707197
greedy heuristic:0.00196527707197
k vertex cover:0.0262469152403
vertex cover problem:0.0123040187312
cover at least:0.00777686377489
k set cover:0.00777686377489
partial vertex cover:0.00680475580303
u i j:0.00615200936559
partial set cover:0.00583264783117
strips of width:0.00583264783117
k i partial:0.00486053985931
