privacy:0.0464612704307
byclass:0.0184370682655
salary:0.010291829108
perturbed:0.008178509364
reconstruction:0.00739013937418
attribute:0.0072569845751
randomized:0.00668496994058
training:0.00594902800809
classifier:0.00559281008934
accuracy:0.00558716095796
split:0.00547840008753
records:0.00513733019096
mining:0.00509249045746
reconstructed:0.00500159854175
randomization:0.00500159854175
gaussian:0.00481312404319
gini:0.00454081438621
width:0.00430077139199
intervals:0.00410781942383
interval:0.00403379501755
reconstruct:0.00400886002993
perturbation:0.00387998006684
reconstructing:0.0038166377032
discretization:0.00374718931726
security:0.00367673346732
disclosure:0.00361617680385
distributions:0.0033361795207
statistical:0.00326994103306
age:0.00320405480419
confidence:0.00307353355497
respondents:0.00307284471092
unperturbed:0.00307284471092
mid:0.0030161960444
distortion:0.00295764322836
willing:0.00282519609752
classification:0.00280394879262
randomizing:0.00269783276978
posterior:0.00267656379804
protection:0.00258481764239
concerns:0.00241389346824
confidential:0.00237503748647
plateau:0.0022621470333
ffl:0.00225769761068
growth:0.00225738301438
databases:0.00223648102481
classifiers:0.00222293268522
users:0.00212938882584
correcting:0.00210362778282
preserving:0.00205375792065
ipn:0.00204856314061
hyears:0.00204856314061
elevel:0.00204856314061
digitalme:0.00204856314061
passport:0.00204856314061
zipcode:0.00204856314061
attributes:0.00201392220845
density:0.00199010545218
theta:0.00197135896147
decision:0.00196785271702
hvalue:0.00181632575448
divulge:0.00181632575448
web:0.00172456461756
fx:0.00172420962017
estimated:0.00170174674882
uniform:0.00169740334573
uniformly:0.00167736076861
credit:0.00166719951392
swapping:0.0016357018728
categorical:0.0016357018728
risk:0.00163070892203
secure:0.00161132083868
tributes:0.00158335832431
iid:0.00158335832431
estimate:0.00156786709035
partition:0.00153021164308
tree:0.00151621206309
denominator:0.0014774575136
statistics:0.00144981862018
fy:0.00141259804876
suppression:0.00139425092515
queries:0.00135972873558
partitioning:0.00135419334314
induce:0.00131869783849
marginally:0.00130884019644
inducing:0.00130884019644
cumulative:0.00128504476827
distribu:0.00124033803163
realizations:0.00124033803163
splits:0.00123793607606
surface:0.00122082092313
perturbations:0.00121053471375
quantifying:0.00121053471375
pr:0.00120849062901
noise:0.00119690011304
axis:0.00118516576186
person:0.00118042377752
query:0.00115356314845
bias:0.00114061663539
mutually:0.00114061663539
sensitive:0.00113960266859
estimates:0.00112849445262
belonging:0.00110684051197
record:0.00110653504933
ip:0.00107949146439
lies:0.00107210123538
database:0.00107114815015
stopping:0.00105181389141
successive:0.00104435135199
goodness:0.00103392705696
sanen:0.00102428157031
impetus:0.00102428157031
hesitation:0.00102428157031
wor:0.00102428157031
cranor:0.00102428157031
tomasz:0.00102428157031
resounding:0.00102428157031
hallway:0.00102428157031
fundamentalists:0.00102428157031
protective:0.00102428157031
omniscience:0.00102428157031
freebies:0.00102428157031
diligently:0.00102428157031
imielin:0.00102428157031
buried:0.00102428157031
trainingdata:0.00102428157031
doxes:0.00102428157031
zipcodes:0.00102428157031
jorma:0.00102428157031
economist:0.00102428157031
truste:0.00102428157031
infrence:0.00102428157031
classifi:0.00102428157031
missioner:0.00102428157031
dominantly:0.00102428157031
randomize:0.00102428157031
ldv:0.00102428157031
aggregations:0.00102428157031
dissociation:0.00102428157031
seal:0.00102428157031
snoopers:0.00102428157031
discretized:0.0010168745617
cubes:0.00100057858168
preventing:0.00100057858168
empirically:0.00100057858168
estimator:0.00100057858168
precision:0.000982382664966
closer:0.000975963865942
bayes:0.000955596984044
original distribution:0.0159657272896
decision tree:0.0103330162868
split point:0.00819562123667
privacy level:0.00798286364482
statistical databases:0.00717116858209
split points:0.0068424545527
data mining:0.00625761015309
perturbed training:0.00570204546058
training data:0.00558245341579
original data:0.00488069331707
privacy preserving:0.00478273571704
records attribute:0.00456163636847
randomized data:0.00456163636847
value original:0.00456163636847
original byclass:0.00456163636847
byclass global:0.00456163636847
value distortion:0.00456163636847
accuracy privacy:0.00456163636847
growth phase:0.00456163636847
classification model:0.00456163636847
original randomized:0.00456163636847
accuracy original:0.00456163636847
level original:0.00456163636847
original accuracy:0.00456163636847
tree classifiers:0.00409781061834
density function:0.00392717643041
attribute value:0.00361678080866
interval width:0.00342122727635
theta 2ff:0.00342122727635
induce decision:0.00342122727635
individual records:0.00342122727635
reconstruction procedure:0.00342122727635
privacy protection:0.00342122727635
reconstruct distributions:0.00342122727635
ffl may:0.00342122727635
theta oe:0.00342122727635
credit risk:0.00342122727635
candidate split:0.00342122727635
local algorithms:0.00342122727635
random variable:0.00339554961754
true value:0.00316724558075
value x:0.00310136300877
statistical database:0.00307335796375
certain fields:0.00307335796375
perturbed data:0.00307335796375
mid point:0.00307335796375
privacy concerns:0.00286964143023
uniformly chosen:0.00286964143023
theta w:0.00286964143023
uniformly distributed:0.0028462768563
x lies:0.00272494369914
true values:0.00261258470516
functions 2:0.00252068043497
classification accuracy:0.00252068043497
distribution function:0.00251291138513
data value:0.00244289159339
f 0:0.00235472332164
entire range:0.00231586745679
data swapping:0.00228081818423
privacy levels:0.00228081818423
iid random:0.00228081818423
perturbed value:0.00228081818423
ffl byclass:0.00228081818423
theta salary:0.00228081818423
disclosure occurs:0.00228081818423
reconstructing original:0.00228081818423
accuracy numbers:0.00228081818423
successive estimates:0.00228081818423
gini index:0.00228081818423
adding noise:0.00228081818423
distortion return:0.00228081818423
five split:0.00228081818423
privacy offered:0.00228081818423
disjoint mutually:0.00228081818423
protection measures:0.00228081818423
global accuracy:0.00228081818423
gini split:0.00228081818423
z ipn:0.00228081818423
reconstructed distribution:0.00228081818423
age 25:0.00228081818423
preserving methods:0.00228081818423
original distributions:0.00228081818423
query restriction:0.00228081818423
using perturbed:0.00228081818423
tree classification:0.00228081818423
preserving data:0.00228081818423
fields ffl:0.00228081818423
tree growth:0.00228081818423
data records:0.00228081818423
value drawn:0.00228081818423
privacy gaussian:0.00228081818423
users privacy:0.00228081818423
value class:0.00228081818423
find five:0.00228081818423
decision surface:0.00228081818423
randomized number:0.00228081818423
randomized reconstructed:0.00228081818423
global randomized:0.00228081818423
gaussian provides:0.00228081818423
distributions separately:0.00228081818423
preserving privacy:0.00228081818423
family includes:0.00228081818423
net users:0.00228081818423
records belonging:0.00228081818423
partial disclosure:0.00228081818423
salary 50k:0.00228081818423
reconstructed data:0.00228081818423
online privacy:0.00228081818423
randomizing function:0.00228081818423
quantifying privacy:0.00228081818423
successive queries:0.00228081818423
c confidence:0.00228081818423
tree classifier:0.00228081818423
uniform perturbation:0.00228081818423
look easy:0.00228081818423
interval i p:0.00966716394069
amount of privacy:0.00604197746293
byclass and local:0.00604197746293
value original randomized:0.00483358197035
records attribute value:0.00483358197035
perturbed training data:0.00483358197035
accuracy privacy level:0.00483358197035
original byclass global:0.00483358197035
attribute value original:0.00483358197035
accuracy original byclass:0.00483358197035
