distortion:0.0151174041931
bartal:0.0142436765882
metric:0.0110082906477
metrics:0.0104450146883
ws:0.0092164966159
steiner:0.00852073853569
metrical:0.00807285850276
log:0.00799117397739
cut:0.0078439006489
hsts:0.00682879722731
embeddings:0.00642799010942
approximating:0.00600418074697
embedding:0.00536440678709
laminar:0.00504553656423
approximation:0.00491868860562
cuts:0.00477816224384
competitive:0.00459532562343
trees:0.00442199191479
separates:0.00431124895903
center:0.00389589575496
spaces:0.00384508042989
stretch:0.00374712901871
outerplanar:0.00373385631575
settles:0.00373385631575
mendel:0.00373385631575
charikar:0.00373385631575
hk:0.00363580214154
vertices:0.00359337931016
spanning:0.00351161500948
labeling:0.00346457551421
wuv:0.00341439861366
tree:0.00329290597727
cluster:0.003222204213
planar:0.00317094058155
polylog:0.00309845037662
probabilistically:0.00308752108905
edge:0.00304173517583
hst:0.00302732193854
polylogarithmic:0.00299770321496
settle:0.00299770321496
permutation:0.00294080752476
graphs:0.00268143653874
buy:0.00257245195977
rabinovich:0.00251358998615
minors:0.00251358998615
expectation:0.00250654124914
vertex:0.00248375565407
shall:0.00247289070405
hierarchically:0.00247001687124
gave:0.00242165728975
unassigned:0.00241087400647
decomposition:0.00238253560863
centers:0.00233745094888
konjevod:0.00227626574244
bourgain:0.00227626574244
talwar:0.00227626574244
ckr:0.00227626574244
separator:0.00224827741122
rao:0.00224827741122
probabilistic:0.00224808245823
italic:0.00222359047954
bulk:0.00222359047954
online:0.00218605108547
placement:0.00211233141977
chekuri:0.00201821462569
earthmover:0.00201821462569
radius:0.00199913245771
conquer:0.00197183532953
separated:0.00195603251526
alon:0.00186692815787
erent:0.0018119660466
clustering:0.00179191454344
pr:0.00179042293227
server:0.0017746525061
yair:0.0017593523188
linial:0.0017593523188
tardos:0.0017593523188
packing:0.00172327571452
seymour:0.00167572665744
rabani:0.00167572665744
ccr:0.00167102749943
min:0.00164165038497
family:0.00163947693685
karp:0.00160724933765
unfair:0.00154922518831
multicommodity:0.00154922518831
dia:0.00154922518831
euclidean:0.00154890894917
deterministic:0.00153808414427
aggregation:0.00150497786121
improves:0.00150471511203
dominating:0.00149885160748
lectures:0.00149885160748
algorithmic:0.00147040376238
hierarchical:0.00146479657161
flow:0.001449624832
dual:0.00142616375434
adversaries:0.00141439862195
routing:0.00141184451764
diameter:0.00139252326131
vn:0.00137820451538
matthias:0.00134508848876
ratios:0.00134281719921
oblivious:0.00131455688635
ravi:0.00131455688635
arrange:0.00131455688635
volume:0.00130402167684
clusters:0.00130402167684
arc:0.0012965637968
london:0.00128622597988
rounding:0.00128622597988
covering:0.00123942683171
vehicle:0.00123500843562
inf:0.00123500843562
came:0.00118962805884
concurrent:0.00117171062291
fee:0.00116872547444
decompositions:0.00114885047635
doublings:0.00113813287122
englert:0.00113813287122
derandomized:0.00113813287122
derandomization:0.00113813287122
myampersandell:0.00113813287122
manor:0.00113813287122
ramsey:0.00113813287122
expec:0.00113813287122
aumann:0.00113813287122
derandomize:0.00113813287122
mour:0.00113813287122
burch:0.00113813287122
heirarchically:0.00113813287122
fractionally:0.00113813287122
sey:0.00113813287122
bollobs:0.00113813287122
manthey:0.00113813287122
harrelson:0.00113813287122
rcke:0.00113813287122
karlo:0.00113813287122
mimimum:0.00113813287122
multiembedding:0.00113813287122
dpst:0.00113813287122
metrices:0.00113813287122
thicknesses:0.00113813287122
logarithmic:0.00113755237103
showed:0.00113140107931
pick:0.00111420300624
rectangle:0.00111179523977
dominate:0.00111179523977
children:0.0010915768042
feedback:0.0010915768042
mobile:0.00108051876085
conditional:0.00107397957538
nsf:0.00106962281576
queueing:0.00106181383196
di:0.00105718526924
gupta:0.00104640775852
permission:0.0010171980048
tomkins:0.00100910731285
fakcharoenphol:0.00100910731285
pute:0.00100910731285
matousek:0.00100910731285
harald:0.00100910731285
roughgarden:0.00100910731285
archer:0.00100910731285
newman:0.00100910731285
salman:0.00100910731285
bla:0.00100910731285
telescope:0.00100910731285
distance:0.000997410192639
gap:0.00097801625763
singleton:0.000964204604152
excluded:0.000964204604152
geometry:0.000959046166863
shaded:0.000951920340494
cooperative:0.000951920340494
azar:0.000933464078937
diameters:0.000933464078937
wk:0.000933464078937
stoc:0.000933464078937
mat:0.000933464078937
calinescu:0.000933464078937
conducive:0.000933464078937
metic:0.000933464078937
anupam:0.000933464078937
scholarship:0.000933464078937
probability:0.000930341853879
distances:0.000922401324783
assigned:0.00091899518405
game:0.000905983023299
prefix:0.000895211466137
u v:0.0319636514011
log n:0.021167193842
o log:0.0188054793856
tree metrics:0.0161487136122
d u:0.013492168117
v d:0.0112434734309
approximation algorithms:0.0108923861668
metrical task:0.010137534127
separates u:0.010137534127
log log:0.0099026279168
approximation algorithm:0.00959541172583
metric spaces:0.00902138951109
cut decomposition:0.00887034236108
n log:0.00834001189742
metric labeling:0.00796840874183
k u:0.00723396437687
n approximation:0.00683006463585
k server:0.00683006463585
edge u:0.00656101055352
hk u:0.00633595882935
laminar family:0.00633595882935
distortion o:0.00633595882935
group steiner:0.00633595882935
steiner tree:0.00633595882935
spanning trees:0.00633377528998
d v:0.00581836310044
finite metric:0.00569172052988
log k:0.00542329452288
metric v:0.00506876706348
w cuts:0.00506876706348
center w:0.00506876706348
tree metric:0.00506876706348
hierarchical cut:0.00506876706348
cuts u:0.00506876706348
server problem:0.00506876706348
expected stretch:0.00506876706348
min sum:0.00504647300383
task system:0.0045533764239
bulk network:0.0045533764239
result improves:0.0045533764239
charikar et:0.0045533764239
n competitive:0.0045533764239
network design:0.00452412520713
k log:0.00442865156577
expected cost:0.00439919712602
outerplanar graphs:0.00425155734787
approximating arbitrary:0.00425155734787
well separated:0.00419009417081
log 2:0.00409129835489
pr u:0.00403717840306
task systems:0.00403717840306
competitive ratio:0.00403717840306
dual problem:0.00387071136594
ccr 0105533:0.00380157529761
settle u:0.00380157529761
cut u:0.00380157529761
topology aggregation:0.00380157529761
v ws:0.00380157529761
covering steiner:0.00380157529761
ws d:0.00380157529761
u ws:0.00380157529761
center v:0.00380157529761
planar metrics:0.00380157529761
communication spanning:0.00380157529761
center l:0.00380157529761
max flow:0.00373454931061
factor approximation:0.0036193001657
deterministic algorithms:0.0036193001657
algorithmic applications:0.00341503231793
probabilistic approximation:0.00341503231793
particular level:0.00341503231793
steiner points:0.00341503231793
arbitrary metrics:0.00318866801091
hierarchically well:0.00318866801091
conditional expectation:0.00318866801091
labeling problem:0.00318866801091
extension problem:0.00318866801091
arc set:0.0030278838023
v u:0.00290918155022
time approximation:0.00290303352446
improved approximation:0.00290303352446
flow min:0.00290303352446
min cut:0.00280091198296
al 17:0.00280091198296
random permutation:0.00263951827561
expected value:0.00262960172998
constant factor:0.00260075649299
approximating min:0.00253438353174
cuts trees:0.00253438353174
competitive concurrent:0.00253438353174
online tracking:0.00253438353174
approximating packing:0.00253438353174
rabinovich 37:0.00253438353174
v closer:0.00253438353174
chekuri et:0.00253438353174
wuv d:0.00253438353174
steiner problem:0.00253438353174
settles e:0.00253438353174
bartal 7:0.00253438353174
hsts bartal:0.00253438353174
via trees:0.00253438353174
factor came:0.00253438353174
distortion embedding:0.00253438353174
distributed queueing:0.00253438353174
probabilistic embedding:0.00253438353174
n distortion:0.00253438353174
