gencan:0.0247486494013
extrapolation:0.0184689154089
spg:0.0167984569519
lancelot:0.0162146323663
tn:0.0125650354208
fe:0.0124881979306
quacan:0.0119476238489
gradient:0.00968373609982
cg:0.00861682331154
backtracking:0.00818366141115
evaluations:0.0080571392074
ge:0.00771556622301
unconstrained:0.00694531145773
chebyqad:0.00682721362794
kg:0.00675112044514
box:0.00636969903502
iterations:0.00630022136775
trust:0.00601926993003
trial:0.00579809189634
ks:0.00561939008816
iterate:0.00533422395477
conjugate:0.00533422395477
functional:0.00531692267215
armijo:0.0052965848285
steplength:0.0052965848285
extrap:0.00512041022095
sif:0.004539929853
cute:0.004539929853
spectral:0.00431543102249
qrtquad:0.00426700851746
projected:0.00407597816549
constrained:0.0037241829468
minimization:0.00368874967896
innite:0.00361492876845
unsuccessful:0.00344991160595
expquad:0.00341360681397
descent:0.00338892159479
rst:0.00338482387869
face:0.00337224044898
faces:0.00329610240303
extrapolations:0.003026619902
quadratic:0.00296816133761
gradients:0.00296530639545
newton:0.00283387371102
nishes:0.00280969504408
directional:0.00258431412984
convergence:0.00256077903537
aatrial:0.00256020511048
unicamp:0.00256020511048
nonscomp:0.00256020511048
hadamals:0.00256020511048
secant:0.00256020511048
aamax:0.00256020511048
borwein:0.00256020511048
ime:0.00256020511048
birgin:0.00256020511048
barzilai:0.00256020511048
dened:0.00236981388966
subproblems:0.00236156142585
lagrangian:0.00236156142585
convergent:0.00236156142585
fortran:0.00235387146681
stationary:0.00234938514937
hg:0.00232329888404
iteration:0.00230248722237
region:0.00215131447366
stops:0.00196698972583
nal:0.00190065741274
minimizer:0.00188475531312
derivative:0.00187946998631
augmented:0.00187140584754
satises:0.00185870911259
interior:0.00185870911259
unitary:0.00185208305539
hessian:0.00180773619325
quotient:0.00175268167017
ao:0.00174247416303
packing:0.00172287608656
cient:0.00170907101754
xnew:0.00170680340698
newtonian:0.00170680340698
pronex:0.00170680340698
usp:0.00170680340698
quot:0.00170680340698
bdexp:0.00170680340698
fapesp:0.00170680340698
projections:0.00169832423562
martnez:0.00168581702645
boundary:0.00164212255142
nish:0.00163573154925
direction:0.00160786862056
schrage:0.001513309951
modications:0.0015128736328
judge:0.00147853354541
satised:0.00144597150738
xed:0.00143823564581
fx:0.00143656145897
cylinder:0.00141693685551
dene:0.00141044715746
multipoint:0.00139987141266
cnpq:0.00139987141266
preconditioned:0.00131920824349
stopping:0.00131451125263
lim:0.00129626312341
numerical:0.0012814871542
su:0.00127804434712
truncated:0.00127084559805
incremental:0.00125890427911
preconditioning:0.00125650354208
accepted:0.00123430718346
go:0.00123095226445
leave:0.00121971718991
ug:0.00120515746216
complementarity:0.00120515746216
max:0.00120105698644
radius:0.00119920131511
nonlinear:0.00119920131511
subsequence:0.00119426354678
successful:0.00119193377228
optimization:0.00117947617967
continuity:0.00117693573341
paulo:0.00112387801763
fullled:0.0010904876995
br:0.0010904876995
criterion:0.00107400085641
else:0.00106879205172
angle:0.00105863783297
perhaps:0.00103631134754
kd:0.00103341368212
leaving:0.00102731414526
subspace:0.00101899454137
aa:0.00100858242187
subroutines:0.000944624570338
surprisingly:0.00089940098633
dierence:0.000880339645438
seed:0.000876340835085
objective:0.000874344506148
active:0.000871882100881
ronconi:0.000853401703492
mccormck:0.000853401703492
kbkks:0.000853401703492
monitorized:0.000853401703492
nnaa:0.000853401703492
trapolation:0.000853401703492
campinas:0.000853401703492
rua:0.000853401703492
nishihara:0.000853401703492
linverse:0.000853401703492
films:0.000853401703492
retards:0.000853401703492
deconvb:0.000853401703492
lagrangean:0.000853401703492
explin:0.000853401703492
imecc:0.000853401703492
subalgorithms:0.000853401703492
nondegen:0.000853401703492
sociometry:0.000853401703492
egbirgin:0.000853401703492
functional evaluations:0.0171023276122
x k:0.0147716231508
trust region:0.0123516810532
ge cg:0.0123516810532
fe ge:0.0114015517414
line search:0.010883345832
kg p:0.00950129311787
box quacan:0.00950129311787
box constrained:0.00938872508669
spectral projected:0.0076010344943
tn iterations:0.0076010344943
projected gradient:0.0076010344943
step 4:0.00723434992235
k 2:0.0066790501504
fe functional:0.00665090518251
trial point:0.00665090518251
spg iterations:0.00665090518251
cg time:0.00665090518251
algorithm 2:0.00648319276606
conjugate gradient:0.00628339198227
step 3:0.00606213139444
algorithm 3:0.00605233665401
gradient method:0.00578837954237
functional value:0.00570077587072
directional derivative:0.00478167081624
global convergence:0.00478167081624
armijo condition:0.00475064655894
x kg:0.00475064655894
bound constrained:0.00475064655894
current face:0.00475064655894
x k1:0.00475064655894
constrained optimization:0.00461787138338
problem n:0.00454056162727
d k:0.00446069135059
f x:0.00446059453099
step 2:0.00436675721353
k max:0.00426760231213
else go:0.00426760231213
augmented lagrangian:0.00426760231213
limit point:0.00426760231213
k 5:0.0041395984941
step 1:0.00401113775153
unconstrained minimization:0.0039847256802
fx k:0.0039847256802
new iterate:0.0039847256802
k 1:0.00389256292255
p x:0.00384466715907
incremental quotient:0.00380051724715
ks k:0.00380051724715
cient descent:0.00380051724715
hg x:0.00380051724715
simple bounds:0.00380051724715
tn extrap:0.00380051724715
computer time:0.00380051724715
chebyqad 50:0.00380051724715
time f:0.00378380135606
step 5:0.00371245193541
direction d:0.003627781944
exists k:0.003627781944
iterate x:0.00341408184971
search direction:0.00341408184971
compute step:0.00341408184971
functional values:0.00341408184971
active set:0.003392149543
well dened:0.00337210324773
free variables:0.00327191835359
k 4:0.00318210165892
large scale:0.00317212135245
k k:0.00303912324728
constrained minimization:0.00302704108484
minimization algorithm:0.0029022255552
taking limits:0.00285038793536
qrtquad 120:0.00285038793536
using sif:0.00285038793536
projected gradients:0.00285038793536
every limit:0.00285038793536
order stationary:0.00285038793536
truncated newton:0.00285038793536
g birgin:0.00285038793536
gencan incremental:0.00285038793536
spg iteration:0.00285038793536
set trial:0.00285038793536
expquad 120:0.00285038793536
angle condition:0.00285038793536
quotient version:0.00285038793536
backtracking step:0.00285038793536
ks 0:0.00285038793536
gradient iterations:0.00285038793536
convergent subsequence:0.00285038793536
nonscomp 10000:0.00285038793536
region algorithms:0.00285038793536
iterations tn:0.00285038793536
constrained algorithm:0.00285038793536
region radius:0.00285038793536
cg iterations:0.00285038793536
extrapolation tn:0.00285038793536
unconstrained stationary:0.00285038793536
quadratic subproblems:0.00285038793536
cylinder packing:0.00285038793536
tn step:0.00285038793536
working set:0.00280013243607
x di:0.00256056138728
else set:0.00256056138728
unconstrained optimization:0.00256056138728
evaluations per:0.00256056138728
m martnez:0.00256056138728
k g:0.00241144997412
descent direction:0.00239083540812
many constraints:0.00239083540812
strictly decreasing:0.00227028081363
conjugate gradients:0.00227028081363
objective function:0.00225073001254
feasible set:0.0021766691664
number generator:0.00210009932705
theorem 3:0.00206517919117
algorithm 2 1:0.0105961183472
k 2 k:0.0102943426865
fe ge cg:0.0100674396919
ge cg time:0.00704720778432
fe functional evaluations:0.00704720778432
x k 1:0.00704107545842
f x k:0.0065079945923
go to step:0.0064854614451
kg p x:0.00604046381513
iterations with extrapolation:0.00503371984594
time f x:0.00503371984594
spectral projected gradient:0.00503371984594
fe it fe:0.00503371984594
f x kg:0.00503371984594
p x k1:0.00503371984594
n it fe:0.00503371984594
x kg p:0.00503371984594
algorithm 3 1:0.00469405030562
direction d k:0.00455086009438
algorithm 3 2:0.00454119357739
