smoothing:0.0195280334423
burke:0.00974891070037
complementarity:0.00915588444035
newton:0.00837264226729
predictor:0.00708994166857
corrector:0.00668157127977
pcx:0.00648350744503
fw:0.00632724988006
optimality:0.00627603589014
convergence:0.00560064801743
subsequence:0.00504062256911
xu:0.0049708320881
pilot:0.0047729867637
nonlinear:0.00455531704634
continuation:0.00436304102681
noninterior:0.00432233829669
interior:0.00431477467447
centering:0.00417598204985
ncp:0.00383233214159
superlinear:0.00367722627722
cholesky:0.00355766002146
primal:0.00345196225171
iterates:0.00332889089945
chks:0.00324175372251
converges:0.00313801794507
accumulation:0.00305297383968
font:0.00294178102177
netlib:0.0028742491062
mangasarian:0.0028742491062
dierentiable:0.00268576257001
boundedness:0.00220633576633
nesm:0.00216116914834
maros:0.00216116914834
harker:0.00216116914834
perold:0.00216116914834
kanzow:0.00216116914834
monotone:0.00215043274866
reformulate:0.00213459601288
iterate:0.00207822776402
monotonically:0.00207822776402
ng:0.00207276511551
inequalities:0.00201068448879
inequality:0.00192359148118
armijo:0.0019161660708
smale:0.0019161660708
inexactly:0.0019161660708
dened:0.00190952282297
rst:0.00190484137626
behaviour:0.00189804876931
updating:0.0018940374939
variational:0.00183178430381
numerical:0.00182545880891
sparse:0.00174506824248
perturbed:0.00172561360365
central:0.00168314254603
exible:0.00166444544972
jacobian:0.00163614038505
nal:0.00160441917141
statement:0.0015692534558
satises:0.00156900897254
recipe:0.00152598074006
stepsize:0.00152598074006
quadratically:0.00147089051089
concave:0.00147089051089
equations:0.00144486814095
chen:0.00143155746052
cf:0.00140409947665
lemma:0.00135606525797
uence:0.001342881285
nonsingular:0.001342881285
uniprocessor:0.001342881285
aa:0.00127707573396
proposition:0.00126228158026
simplex:0.00119609175247
strictly:0.00116735938608
converging:0.0011504090691
stopping:0.00110963029982
signicantly:0.00110963029982
objective:0.00110710253095
fx:0.0010913918822
linearcomplementarity:0.00108058457417
truss:0.00108058457417
standgub:0.00108058457417
greenbea:0.00108058457417
standata:0.00108058457417
ganges:0.00108058457417
brandy:0.00108058457417
standmps:0.00108058457417
nonsmoothness:0.00108058457417
forplan:0.00108058457417
scorpion:0.00108058457417
greenbeb:0.00108058457417
adlittle:0.00108058457417
algorithm 2:0.0187642938067
smoothing type:0.0180465970956
optimality conditions:0.0153320297697
fw k:0.0132341712034
conditions 2:0.0125301537172
xu 3:0.0120310647304
type methods:0.011167852899
complementarity problems:0.0108077498555
interior point:0.00958251860603
sequence fw:0.0086461998844
k g:0.00854983306418
predictor step:0.00842174531128
smoothing parameter:0.00756542489885
smoothing method:0.00756542489885
property p:0.00651517108432
nonlinear system:0.0064846499133
linear programs:0.00643117840871
global convergence:0.00605481700185
k generated:0.00605481700185
central path:0.0060155323652
smoothing functions:0.0060155323652
accumulation point:0.0060155323652
point methods:0.00574951116362
k 2:0.00551568523816
predictor corrector:0.00540387492775
convergence properties:0.00515439364568
sparse cholesky:0.00504568083488
f k:0.00493845849664
lemma 2:0.00484135918938
strictly feasible:0.00481242589216
noninterior continuation:0.00481242589216
sub font:0.00481242589216
centering parameter:0.00481242589216
problem objective:0.00481242589216
w k:0.00452441890604
path conditions:0.0043230999422
feasible point:0.0043230999422
continuation method:0.0043230999422
type method:0.0043230999422
nonlinear complementarity:0.0040365446679
x k:0.00385095717923
linear complementarity:0.00383300744241
line search:0.00367495909069
chks functions:0.00360931941912
constrained variational:0.00360931941912
properties p:0.00360931941912
smoothing newton:0.00360931941912
quite popular:0.00360931941912
using chks:0.00360931941912
nal iterate:0.00360931941912
superlinear convergence:0.00360931941912
corrector smoothing:0.00360931941912
non interior:0.00360931941912
chen mangasarian:0.00360931941912
mangasarian smoothing:0.00360931941912
global linear:0.00360931941912
well dened:0.0035582869219
updating rules:0.00324232495665
minimum function:0.00324232495665
newton type:0.00324232495665
box constrained:0.00324232495665
corrector step:0.00324232495665
numerical results:0.00319325192333
smoothing methods:0.00302740850093
newton method:0.00302740850093
rst note:0.00302740850093
fx k:0.00302740850093
variational inequalities:0.00302740850093
r n:0.00298101748581
theorem 3:0.00294192508831
proposition 3:0.00284999927227
monotonically decreasing:0.00275621931802
become quite:0.0026592623373
continuously dierentiable:0.0026592623373
linear systems:0.00265106616084
p 3:0.00257829021204
sequence f:0.00257719682284
linear system:0.00246922924832
font size:0.00240621294608
sequences fx:0.00240621294608
pilot 1368:0.00240621294608
nesm 654:0.00240621294608
regarding statement:0.00240621294608
subsequence since:0.00240621294608
automatically satisfy:0.00240621294608
called smoothing:0.00240621294608
exible choice:0.00240621294608
local superlinear:0.00240621294608
g converges:0.00240621294608
nally state:0.00240621294608
inequality x:0.00240621294608
chen harker:0.00240621294608
monotone ncp:0.00240621294608
component ng:0.00240621294608
lot 133:0.00240621294608
n su:0.00240621294608
cholesky code:0.00240621294608
superlinear continuation:0.00240621294608
quadratic noninterior:0.00240621294608
local convergence:0.00240621294608
subsequence converging:0.00240621294608
primal objective:0.00240621294608
perold 593:0.00240621294608
index ng:0.00240621294608
algorithm 2 1:0.0306694638501
optimality conditions 2:0.019122635051
smoothing type methods:0.0152981080408
burke and xu:0.0140232657041
k 2 n:0.0116968712587
sequence fw k:0.0101987386939
f k g:0.00922042432939
step s 2:0.00892389635713
generated by algorithm:0.00766736596253
fw k generated:0.0076490540204
lemma 2 3:0.00751941723774
interior point methods:0.00648579278428
solution of linear:0.00637421168366
central path conditions:0.00509936934693
strictly feasible point:0.00509936934693
denotes a suitable:0.00509936934693
theorem 3 3:0.00470565100097
class of smoothing:0.00461021216469
nonlinear complementarity problems:0.00461021216469
system of equations:0.00431647784537
newton s method:0.00396272487908
smoothing type method:0.0038245270102
method using chks:0.0038245270102
property p 3:0.0038245270102
functions for nonlinear:0.0038245270102
become quite popular:0.0038245270102
chen mangasarian smoothing:0.0038245270102
linear complementarity problems:0.0038245270102
predictor corrector smoothing:0.0038245270102
constrained variational inequalities:0.0038245270102
box constrained variational:0.0038245270102
functions for monotone:0.0038245270102
w k k:0.0038245270102
smoothing method using:0.0038245270102
mangasarian smoothing functions:0.0038245270102
using chks functions:0.0038245270102
corrector smoothing method:0.0038245270102
based on chen:0.0038245270102
proposition 3 2:0.00362985330271
global and local:0.00354630801649
sequence f k:0.00345765912352
results for algorithm:0.00345765912352
fx k g:0.00324289639214
satisfy the inequality:0.00309040851773
rate of convergence:0.00301440596232
number of iterations:0.00280785392418
theorem 3 5:0.00265973101237
properties p 1:0.00254968467347
smoothing newton method:0.00254968467347
non interior point:0.00254968467347
satises the linear:0.00254968467347
perold 593 1374:0.00254968467347
subsequence since otherwise:0.00254968467347
quadratic noninterior continuation:0.00254968467347
lot 133 346:0.00254968467347
better numerical results:0.00254968467347
netlib test suite:0.00254968467347
inexactly a sequence:0.00254968467347
due to burke:0.00254968467347
path conditions 3:0.00254968467347
limit k 1:0.00254968467347
monotone linear complementarity:0.00254968467347
sparse cholesky code:0.00254968467347
property p 2:0.00254968467347
