precision:0.0319532065859
mlp:0.0178996267164
bits:0.0147696364431
jamming:0.0109965852813
retrieving:0.0107042799099
learning:0.0102331943279
neural:0.00904877108199
neurons:0.00864310238389
eq:0.00833129845103
decimal:0.00807575701632
layer:0.00760601517488
neuron:0.00757372235063
rounding:0.00688739249364
propagation:0.0062231033249
weight:0.00592579522909
variance:0.00584509876572
squared:0.00583058630215
truncation:0.00576206825592
hidden:0.00570167072062
weights:0.00562448898419
propagated:0.00527297699733
bit:0.00515774830305
nonlinear:0.00513831072238
perceptron:0.00481556715782
error:0.00473365831975
statistical:0.00462077368856
forward:0.00451287363412
oe:0.00398932375378
activation:0.00366153541322
dive:0.00365663635314
chops:0.00365663635314
errors:0.00362300249027
training:0.00353962437524
ffl:0.0035042925173
calculation:0.00345052221686
curve:0.00339035708057
regression:0.00336193844037
operators:0.00333665448533
convergence:0.00332496006055
squares:0.00331611163164
fx:0.00328285125774
statistically:0.00326809223838
descent:0.00302516140473
hardware:0.00294787461191
updating:0.00284858421181
derivatives:0.0027146313246
derivative:0.00268437018912
delta:0.00263351823346
layers:0.00262564848621
evaluations:0.00261538243802
compound:0.00259527896511
finite:0.00258083310326
stages:0.00249251118533
lowest:0.00244393927441
alippi:0.00243775756876
dives:0.00243775756876
eqs:0.00233624853824
multilayer:0.00233624853824
operator:0.00228555447177
ij:0.00220090622873
sign:0.00217913623441
cesare:0.00216139877143
chopped:0.00216139877143
fffl:0.00216139877143
network:0.00209789016567
gradient:0.00209558857703
multiplication:0.00205178203609
propagates:0.00184553514022
fffi:0.00179461267029
stage:0.00177425124226
inputs:0.00173691450751
evaluated:0.001731840007
undertaken:0.00172127716228
truncating:0.00172127716228
affine:0.00168096922019
central:0.00162733086951
interleaved:0.0016117499392
successive:0.00155345188189
contributing:0.00151474447013
sigmoid:0.00147598253844
random:0.00147320199348
ratio:0.00141631911096
silicon:0.00140781936816
outputs:0.0013964055605
xor:0.00137747849873
uniformly:0.00133068843169
converges:0.00132735914072
artificial:0.00131712261242
fw:0.00129763948256
formulated:0.00126703793792
sums:0.00125735314622
attained:0.00123035676014
seok:0.00121887878438
unwisely:0.00121887878438
jammed:0.00121887878438
delgado:0.00121887878438
wffl:0.00121887878438
vassiliadis:0.00121887878438
propensity:0.00121887878438
yongsoon:0.00121887878438
pizer:0.00121887878438
hiddens:0.00121887878438
stamatis:0.00121887878438
briozzo:0.00121887878438
truncated:0.00121006456189
xy:0.00121006456189
simplified:0.00118409692445
update:0.0011729429115
invoking:0.0011721006348
analytical:0.00115717718646
learn:0.00114550821823
discrete:0.00114442937783
sources:0.00113906363268
taylor:0.00113714521869
fy:0.00112064614679
trained:0.00112064614679
indicator:0.00112064614679
propagating:0.00112064614679
approximated:0.00110045311437
multiply:0.00108936407946
synaptic:0.00108069938572
fpga:0.00108069938572
frias:0.00108069938572
luciano:0.00108069938572
soft:0.00106010660039
ffi:0.00103718388748
back:0.001031694762
accuracy:0.00100736859301
divert:0.000999689571024
bum:0.000999689571024
wx:0.000999689571024
precisions:0.000999689571024
momentum:0.000999689571024
fyg:0.000999689571024
lations:0.000942085616652
foe:0.000942085616652
accumulator:0.000942085616652
th:0.00092189624777
vlsi:0.000915176905006
disturbance:0.000897306335147
dallas:0.000897306335147
dating:0.000897306335147
ko:0.000897306335147
leaning:0.000897306335147
dashed:0.000894790063039
backward:0.000884906093811
devoted:0.000865711811813
degradations:0.000860638581138
guideline:0.000860638581138
intermediate:0.00085052228371
generates:0.000848062232348
vs:0.000846035880729
sigmoidal:0.000829568217388
simu:0.000829568217388
versatile:0.000829568217388
connecting:0.000829398879878
predicted:0.000820712814434
output:0.000819130778966
concluding:0.000803769128712
interconnecting:0.000802594526304
systolic:0.000802594526304
converge:0.000787361474112
download:0.000778749512748
electronics:0.000778749512748
iterative:0.000766975770571
limit:0.00075745612338
drastic:0.000757372235063
inability:0.000757372235063
caused:0.000751866783485
unified:0.000748444977398
employed:0.000744391931792
mac:0.000737991269218
manipulations:0.000737991269218
intent:0.000737991269218
wseas:0.000737991269218
products:0.000733635409578
surface:0.000726378744803
impact:0.000722272438438
summed:0.000720258531991
finite precision:0.0673623799731
precision computation:0.0244280115725
forward retrieving:0.0230708998184
precision error:0.0217137880644
calculation graph:0.0149282292943
back propagation:0.0145088203019
statistical evaluation:0.0122140057862
propagation learning:0.0122140057862
ffl y:0.0122140057862
random variables:0.011593184167
weight updating:0.00975296846432
error generated:0.00949978227818
neural network:0.00925686617469
independent random:0.00909027331387
error ffl:0.00864731355027
lowest order:0.00853384740628
average sum:0.00853384740628
precision analysis:0.00814267052415
weight bits:0.00814267052415
precision errors:0.00731472634824
eq 9:0.00699921793873
discrete random:0.00682987209015
output delta:0.00678555877013
y i3:0.00678555877013
one sign:0.00678555877013
successive operators:0.00678555877013
hidden delta:0.00678555877013
bit value:0.00678555877013
precision ratio:0.00678555877013
ffl x:0.0064854851627
weight update:0.0060956052902
average squared:0.0060956052902
limit theorem:0.00581418881717
central limit:0.00581418881717
propagated error:0.00569156007512
sign bit:0.00569156007512
r th:0.00569156007512
bit 3:0.0054284470161
simplified notation:0.0054284470161
bits assigned:0.0054284470161
total finite:0.0054284470161
new lowest:0.0054284470161
normal curve:0.0054284470161
truncation jamming:0.0054284470161
delta computation:0.0054284470161
ffl 1w:0.0054284470161
precision hardware:0.0054284470161
convergence stage:0.0054284470161
statistically evaluated:0.0054284470161
bit weights:0.0054284470161
evaluation values:0.0054284470161
output layer:0.00540457096892
network algorithms:0.0051817215364
j g:0.00498446640175
regression problem:0.00487648423216
curve shows:0.00487648423216
order bit:0.00487648423216
l j:0.00472302897129
hidden layer:0.00471136436394
different stages:0.0045532480601
partial derivatives:0.00448742345305
statistical properties:0.00432365677513
ij g:0.00432365677513
gradient descent:0.00422340840767
generates error:0.00407133526208
range 08:0.00407133526208
ffl w:0.00407133526208
th neuron:0.00407133526208
squared figure:0.00407133526208
back propagated:0.00407133526208
network converges:0.00407133526208
fx l:0.00407133526208
bits average:0.00407133526208
q lowest:0.00407133526208
learning convergence:0.00407133526208
descent search:0.00407133526208
transformation interleaved:0.00407133526208
layer mlp:0.00407133526208
high precision:0.00387612587812
r 02:0.00365736317412
ffl oe:0.00365736317412
possible error:0.00365736317412
th layer:0.00365736317412
squared difference:0.00365736317412
bits one:0.00365736317412
th place:0.00365736317412
actual outputs:0.00365736317412
artificial neural:0.00358993876244
random variable:0.00346352424571
ffl 3:0.00341493604507
low precision:0.00341493604507
order bits:0.00341493604507
output neuron:0.00341493604507
error values:0.00341493604507
uniformly distributed:0.00338713169125
y y:0.00326874182937
affine transformation:0.00324274258135
multilayer perceptron:0.00324274258135
activation values:0.00324274258135
layer perceptron:0.00324274258135
activation function:0.00310903292184
four different:0.00303009110462
oe 2:0.00303009110462
using high:0.00282681861836
iterative learning:0.00271422350805
rounding techniques:0.00271422350805
precision weight:0.00271422350805
y j0:0.00271422350805
evaluated average:0.00271422350805
layer weights:0.00271422350805
training pattern:0.00271422350805
values fx:0.00271422350805
