affine:0.0153468943455
gramian:0.0147512104832
frames:0.0113042237543
eq:0.00913935237675
shape:0.00700232697608
acquisition:0.00699677703772
motion:0.00638800867757
invar:0.00621103599291
depth:0.0061658234178
camera:0.0061567057334
invariant:0.00612060163677
images:0.00604409195404
perspective:0.00585114912039
discrimination:0.00578900823317
orthonormal:0.0057807388058
coplanar:0.00573087864462
similarity:0.00546812961997
frame:0.00541544475531
image:0.00503773693451
pose:0.00494414431652
trajectories:0.00485279336239
multiframe:0.00465827699468
matrix:0.00447474762134
coordinates:0.00435375537045
aff:0.0041301868169
recognition:0.00392529098219
weak:0.00387080004256
invariance:0.00379964954695
rigid:0.0037138620598
unfamiliar:0.0036988241632
origin:0.0032710852743
factorization:0.00325943244709
fifteen:0.00318382146924
frm:0.00310551799645
criterion:0.00309405145455
qr:0.00297620320112
transformations:0.0029304688262
tracked:0.00282043448104
views:0.00267536586056
cholesky:0.00255611117491
distortions:0.00254705717539
dotted:0.00244268080558
centered:0.00240265861966
singular:0.00235854254884
calibration:0.00235036206753
overconstrained:0.00232913849734
quadratic:0.00228484840183
object:0.00227389736505
curves:0.00215952871259
projection:0.00215929405779
solid:0.00213858306343
reconstruction:0.00206372473023
columns:0.00195680609076
basis:0.0019428090136
ave:0.00192966941106
ball:0.00183807916458
submatrix:0.00183510933315
incremental:0.00183245469447
centering:0.00180021828721
transformation:0.00174840467712
3d:0.00173744944239
fig:0.0017265683586
pong:0.00164458228112
theta:0.00160097162676
umass:0.00155275899823
ponce:0.00155275899823
mms:0.00155275899823
inigo:0.00155275899823
svd:0.00153366670495
column:0.00149424018497
orientation:0.00147408909302
pivoting:0.00144725205829
ratio:0.00144342638305
matching:0.00144232187745
rows:0.00143996559547
optional:0.00142761807865
five:0.00142744823227
dashed:0.00142486822697
ground:0.00142486822697
translation:0.00139874809582
truth:0.00139369864796
rotation:0.00139369864796
definite:0.00138776710072
incrementally:0.00137856387248
ninety:0.00137672893897
residues:0.00137672893897
nonlinear:0.00136371200185
noise:0.00136082997663
isotropic:0.00134509121403
euclidean:0.00132073897581
rotational:0.00131610224157
entries:0.00129808968971
reference:0.00128658876383
periphery:0.00127352858769
discriminates:0.00127352858769
pseudoinverse:0.00127352858769
measurements:0.00124628094645
thirty:0.00123982060941
rotated:0.00123982060941
tracks:0.00123982060941
scaling:0.00123425622469
decomposition:0.00121893839192
translations:0.00121726055868
lens:0.00120014552481
extrapolation:0.00120014552481
basri:0.00120014552481
ping:0.00119587245223
representations:0.00118582227766
norm:0.00116824474082
errors:0.00115385750196
rot:0.00114310012113
feet:0.00114310012113
mn:0.00113761985072
familiar:0.00110285109799
sequences:0.0010926577926
measurement:0.00107976435629
ullman:0.00105680690377
collects:0.00104082532554
kalman:0.00102244446996
pt:0.00102244446996
viewer:0.00102244446996
orthographic:0.00102244446996
subscripts:0.00101287147085
2d:0.00100303871841
box:0.00099910578273
factorizations:0.000992067733708
angles:0.000986601002236
est:0.000964834705529
favorably:0.000940144827014
interpolation:0.000938324205499
visual:0.000934595792657
estimation:0.000929449694903
mirror:0.000917554666576
depict:0.000917554666576
lend:0.000917554666576
specifically:0.000906505122464
centroid:0.00089672747602
ranged:0.00089672747602
row:0.000878782829285
curve:0.000863811485035
stage:0.000847597998516
nonzero:0.000845477366593
subjects:0.000842463349311
poor:0.0008308539643
tracking:0.000818227201108
trajectory:0.000811507039123
matrices:0.000799284626184
coordinate:0.000799284626184
rm:0.000797248301488
vision:0.000784144344728
rotating:0.000783690533803
hajder:0.000776379499113
chequered:0.000776379499113
amherst:0.000776379499113
heuristical:0.000776379499113
rothganger:0.000776379499113
rangefinders:0.000776379499113
pocs:0.000776379499113
christy:0.000776379499113
noncoplanar:0.000776379499113
boufama:0.000776379499113
youcef:0.000776379499113
genc:0.000776379499113
perspectivity:0.000776379499113
zest:0.000776379499113
yakup:0.000776379499113
wmn:0.000776379499113
cosines:0.000776379499113
toumi:0.000776379499113
svetlana:0.000776379499113
chetverikov:0.000776379499113
markerless:0.000776379499113
necker:0.000776379499113
sixty:0.000776379499113
strikes:0.000776379499113
horaud:0.000776379499113
cordelia:0.000776379499113
reliably:0.000758413233811
vectors:0.000756256811955
avoids:0.000744621189597
dimensional:0.000737480226504
perturbation:0.00073523166583
rotations:0.00073523166583
homogeneous:0.000722319313822
gave:0.000707973479264
combinations:0.000704665533463
imaging:0.00070367320635
bad:0.000700946844493
jean:0.000693883550361
equations:0.000692073550043
sony:0.000688364469484
contaminated:0.000688364469484
basis points:0.019411944686
weak perspective:0.0147530779614
similarity invariant:0.0138298604573
invariant representation:0.0138298604573
discrimination ratio:0.010372395343
affine shape:0.00854125566185
good basis:0.00691493022864
three basis:0.00691493022864
shape matrix:0.00621182229953
depth computation:0.00605056395006
gramian g:0.00605056395006
five frames:0.00543534451209
theta 3:0.00540133857538
frame m:0.00518619767148
unfamiliar views:0.00518619767148
quadratic criterion:0.00518619767148
w b:0.00503475952275
shape representation:0.00481916130681
invariant shape:0.00465886672465
similarity transformations:0.00465886672465
reference system:0.00435005525833
affine transformations:0.00435005525833
gramian matrix:0.0043218313929
linear criterion:0.0043218313929
model acquisition:0.0043218313929
first frame:0.00432034197524
perspective projection:0.00420104111419
image measurements:0.00413070969155
eq 5:0.0040956952039
random sequence:0.00396038603108
three dimensional:0.00389832266063
solid curves:0.00388238893721
value decomposition:0.00376593933138
singular value:0.00363717739607
fifteen frames:0.00345746511432
frame discrimination:0.00345746511432
centered image:0.00345746511432
selected basis:0.00345746511432
rigid invar:0.00345746511432
aff invar:0.00345746511432
affine transformation:0.00344225807629
qr factorization:0.00344225807629
image sequences:0.0033565063485
matrix g:0.00330032169257
ground truth:0.00318422453563
p b:0.00313894350069
frames used:0.00310591114976
linear system:0.00310451107386
relative errors:0.00308595855374
measurement matrix:0.00290003683888
depth values:0.00290003683888
eq 7:0.00279708862375
see eq:0.00279708862375
eq 11:0.00275380646103
linear combination:0.00269052300059
affine invariant:0.00264025735406
object points:0.00264025735406
z real:0.00259309883574
matching measure:0.00259309883574
column pivoting:0.00259309883574
image trajectories:0.00259309883574
representation computed:0.00259309883574
pong ball:0.00259309883574
similarity invariance:0.00259309883574
reference origin:0.00259309883574
thirty frames:0.00259309883574
perspective approximation:0.00259309883574
curve uses:0.00259309883574
invar aff:0.00259309883574
box sequence:0.00259309883574
matching criterion:0.00259309883574
three selected:0.00259309883574
j k:0.00242889988194
poor basis:0.00232943336232
new images:0.00232943336232
dotted curves:0.00232943336232
computation using:0.00228648967133
linear combinations:0.00228648967133
positive definite:0.002237670899
images used:0.00217502762916
dimensional coordinates:0.00217502762916
unit norm:0.00217502762916
eq 3:0.00215196533222
first five:0.00206535484577
matrix w:0.00206535484577
basis vector:0.00206535484577
model matching:0.00206535484577
truth data:0.00206535484577
ping pong:0.00198019301554
fig 2b:0.00191053472138
camera calibration:0.00191053472138
coordinate system:0.0018574559016
eq 8:0.00185157513225
depth map:0.00185157513225
similarity invariant representation:0.010990309575
three basis points:0.00732687305001
affine shape matrix:0.00549515478751
