coe:0.0241696093959
cients:0.0195489487761
pose:0.0179733881609
invariants:0.017430463508
jk:0.015724855481
rotation:0.012449104147
recognition:0.00951304195439
estimation:0.00884928329466
algebraic:0.00859206978199
noise:0.00824501464935
shapes:0.00787105080434
curve:0.00785050866461
conic:0.00727515344929
curves:0.00717760792193
polynomial:0.00699282489338
euclidean:0.00658459399981
guitar:0.00645111548041
shape:0.00625815658112
center:0.00603819663605
std:0.0059364258197
angle:0.00575183711637
linearcenter:0.00564472604536
ip:0.00538241313377
colored:0.00529088994357
conics:0.00498614233289
dev:0.00498614233289
translation:0.00477353459695
perturbations:0.0047651077215
missing:0.00475821459582
polynomials:0.00473582287374
invariant:0.00469220834693
cubic:0.00437513835101
hawk:0.00436287454128
butter:0.00415549807379
tting:0.00415549807379
ips:0.00403194717525
deviation:0.00396126755326
2d:0.00390678701459
deviations:0.00381825542996
silhouette:0.00373960674967
centers:0.00372629202181
mig:0.00357486149679
sky:0.00350745196001
cubics:0.0032255577402
centering:0.00311633895806
rotations:0.00305460434397
rotated:0.00300473659831
degree:0.00298713191417
cient:0.00287097166637
recognizer:0.00285988919744
descriptors:0.00284894073885
alignment:0.00275705047527
subspaces:0.00252862435278
transformation:0.00245692355751
intrinsic:0.00242240943983
jj:0.00240167428692
pixels:0.00236058973208
sec:0.00235026877741
ts:0.00225694770199
arg:0.00223146752137
covariant:0.00214491689808
dierent:0.00213353409394
rst:0.00213224026787
stable:0.00209257281256
covariance:0.00207016223434
angles:0.00204947355184
angular:0.0020349576706
fig:0.00200428385196
monomials:0.0019841327589
undergone:0.0019841327589
centered:0.00194096797363
vision:0.00190039364815
scatter:0.00186277861177
percentage:0.00184992713192
orientation:0.0018372816989
deformations:0.0017851740171
perturbed:0.00171699234189
transformations:0.00171210502845
jc:0.00168574956852
radians:0.00164648459239
dened:0.00162855663471
patches:0.00162796613648
fourier:0.00162432317106
pims:0.0016127788701
weightings:0.0016127788701
quartics:0.0016127788701
radiuses:0.0016127788701
ne:0.00158568715192
accurate:0.0015647160553
indexing:0.00156271480584
3d:0.00154680709908
variability:0.00152730217198
gaussian:0.00151569743732
realizations:0.00146472734685
coordinate:0.00145281487733
database:0.00144563355016
transformed:0.00143548583318
superquadrics:0.00142994459872
radian:0.00142994459872
representations:0.00140760993104
degrees:0.00137236637439
stability:0.00132939989997
kimia:0.0013227551726
bayesian:0.00131550667985
parameterization:0.00128774425642
imaginary:0.00128774425642
translations:0.00126431217639
expansion:0.00125737606566
simplication:0.00124653558322
silhouettes:0.00124653558322
kn:0.0012420973406
estimate:0.0012343397498
implicit:0.00123165868966
diagonal:0.00122556544969
origin:0.00121340171608
species:0.00120083714346
iterated:0.00118159306083
sin:0.00114547662899
zz:0.00113876764141
iterations:0.00112627241932
dierence:0.00110912455636
discriminating:0.00109765639492
airplane:0.00109765639492
matrix:0.00109357956439
butterfly:0.0010619657261
query:0.00105953091705
careful:0.00105257954258
squared:0.00105202269521
occlusions:0.00103041481676
iterative:0.00101483620234
estimated:0.00100480471325
discrimination:0.00100212913143
homogeneous:0.0010003194985
invariance:0.000986630009889
preceding:0.000961119601328
benjamin:0.000953021544301
transforms:0.000951642919165
squares:0.000940235550717
noisy:0.000940235550717
geometric:0.000932871538222
deduce:0.000918640849452
benet:0.000911316303655
exploitation:0.000911316303655
binomial:0.000911316303655
splines:0.000892587008549
surfaces:0.000878158190387
training:0.000878158190387
followed:0.0008652971157
quadratic:0.000862969539571
realized:0.000859110275514
superimposed:0.000858496170947
nonlinear:0.000849854705332
curvature:0.000842874784259
occlusion:0.000842874784259
cosine:0.000842874784259
gradient:0.000831843417271
cos:0.000828064893736
normalization:0.000823074249976
messy:0.000806389435051
unaected:0.000806389435051
tarel:0.000806389435051
rocquencourt:0.000806389435051
inaccurately:0.000806389435051
bitangeants:0.000806389435051
domaine:0.000806389435051
wolovich:0.000806389435051
unparalleled:0.000806389435051
malah:0.000806389435051
cem:0.000806389435051
ections:0.000806389435051
sizeable:0.000806389435051
drawer:0.000806389435051
shes:0.000806389435051
barzohar:0.000806389435051
coefcients:0.000806389435051
nsalan:0.000806389435051
voluceau:0.000806389435051
helzer:0.000806389435051
coefficients:0.000805978139294
accuracy:0.000799749475683
turns:0.000796405230568
vectors:0.000785488931692
similarity:0.000783378349176
queries:0.000764627142917
perturbation:0.000763651085992
taylor:0.000752315900665
pose estimation:0.0290338368899
coe cients:0.0254372109558
complex representation:0.0161299093833
algebraic curve:0.0137104229758
polynomial coe:0.0134667243284
missing data:0.0128711936306
algebraic curves:0.0120974320375
c jk:0.0107733794627
shape recognition:0.00859903918187
colored noise:0.00808003459704
th degree:0.00806495469165
coe cient:0.00755557245274
std dev:0.00645196375332
pose independent:0.00628447135326
sky hawk:0.00628447135326
complete set:0.00601356542302
standard deviation:0.0056510905818
euclidean transformation:0.00564546828415
cient vector:0.00564546828415
euclidean transformations:0.00564546828415
standard deviations:0.00561014771952
implicit polynomial:0.00538668973136
rotation invariants:0.00538668973136
butter y:0.00527126025419
invariant recognition:0.00483897281499
degree polynomials:0.00479907133063
cients c:0.00451822307502
arg c:0.00448890810947
pose invariant:0.00448890810947
rotation estimation:0.00448890810947
data set:0.00399212483108
c 0:0.00398130045637
2d curves:0.00359112648758
independent shape:0.00359112648758
polynomial curves:0.00359112648758
deviations 0:0.00359112648758
colored gaussian:0.00359112648758
curve data:0.00359112648758
jk j:0.00359112648758
ip coe:0.00359112648758
intrinsic center:0.00359112648758
careful comparison:0.00359112648758
shape data:0.00359112648758
accurate pose:0.00359112648758
noise std:0.00359112648758
euclidean center:0.00359112648758
sec 2:0.00342790809331
sec 3:0.00342790809331
degree n:0.00330732276226
estimation based:0.00322598187666
fourier descriptors:0.00322598187666
invariant shape:0.00322598187666
complex coe:0.00322598187666
fast accurate:0.00322598187666
coordinate system:0.00289389431296
random starting:0.00286026525124
z z:0.0028255452909
recognition based:0.00274232647465
starting points:0.00274232647465
complex polynomial:0.00269334486568
leading form:0.00269334486568
3d surfaces:0.00269334486568
j kn:0.00269334486568
similar std:0.00269334486568
maximum accuracy:0.00269334486568
c jj:0.00269334486568
relative angles:0.00269334486568
angular invariants:0.00269334486568
complex basis:0.00269334486568
invariant object:0.00269334486568
euclidean invariants:0.00269334486568
noise missing:0.00269334486568
independent recognition:0.00269334486568
l jk:0.00269334486568
angle estimation:0.00269334486568
real polynomial:0.00269334486568
d l:0.0026146805431
vector c:0.00249339898645
degree polynomial:0.00243087415539
dimensional subspaces:0.00241948640749
translation estimation:0.00241948640749
single computation:0.00225911153751
rotation invariant:0.00225911153751
independent invariants:0.00225911153751
c 11:0.00225911153751
f n:0.00225724447355
linear functions:0.00219560145688
imaginary parts:0.00214519893843
degree 4:0.00214519893843
2d shape:0.00214519893843
covariance matrix:0.00212421073313
object recognition:0.00212421073313
computer vision:0.00207043444502
relative orientation:0.00205674485598
new basis:0.00205674485598
polynomial coe cients:0.0123665071597
coe cient vector:0.00602013436209
coe cients c:0.004839609187
representation of algebraic:0.00475634890756
th degree polynomials:0.00475634890756
set of invariants:0.00461204048649
