filter:0.0142709031991
filtering:0.00950564010989
oe:0.0086063353179
dt:0.00843291293475
ffi:0.00745853422196
sigma:0.00694463677898
wiener:0.00673960064495
noise:0.0067214985448
deduce:0.00624078447743
signal:0.00553413340298
diffusions:0.00493038427894
filters:0.00402160120858
differentiation:0.00388460978883
phi:0.0037019052942
asymptotic:0.00357945937625
nonlinear:0.00346409158025
injective:0.00337527415957
valued:0.00335622450624
fh:0.00335561677644
matrix:0.00334315360399
riccati:0.00328692285262
dx:0.00326315373818
ds:0.00326315373818
stability:0.00325125904797
kalman:0.00324650776235
derivatives:0.00305020204211
estimation:0.00295122692513
filtration:0.00291429759321
girsanov:0.00291429759321
kz:0.00291429759321
differentiable:0.00278596133666
fx:0.00276649710761
restored:0.00272870449639
dy:0.00262448628465
expansions:0.00257673055027
jacobian:0.00248840643772
processes:0.00248275109929
channel:0.00212325988089
pi:0.00206185639667
differential:0.00198627042429
diffusion:0.00194230489441
stationary:0.00193902515716
noisy:0.0019162464091
estimations:0.00185730755777
integration:0.00182849431391
converges:0.00178972968813
loose:0.00178334953364
devoted:0.00175090909849
suboptimal:0.0017496575231
approximate:0.00169825955671
vanishes:0.00168763707978
filtrage:0.00164346142631
fragile:0.00164346142631
bruit:0.00164346142631
avec:0.00164346142631
hasffi:0.00164346142631
unnoisy:0.00164346142631
morceaux:0.00164346142631
eaire:0.00164346142631
ffp:0.00164346142631
semimartingales:0.00164346142631
vaste:0.00164346142631
coefficients:0.00164262318528
estimate:0.00160086517
ff:0.00159052208737
dimensional:0.00156111837872
taylor:0.00153325689723
gammap:0.0014571487966
neglects:0.0014571487966
detectability:0.0014571487966
formula:0.00145612318737
observation:0.00144675099983
ae:0.00143438921965
kv:0.00134792012899
law:0.00130823754356
log:0.00128213756592
nonlinearity:0.00127025048848
gammac:0.00127025048848
puted:0.00127025048848
matrices:0.00126896072083
equation:0.00125851870888
petit:0.00120987285061
expectation:0.00120648006356
derivative:0.00120648006356
uniformly:0.00119614579998
summing:0.00116727273233
conditional:0.00116311815349
stable:0.00116311815349
lebesgue:0.00116043229911
injectivity:0.00116043229911
proposition:0.00115188267678
ith:0.00114235117623
boundedness:0.00111853892548
ku:0.00111853892548
multiplication:0.00110659884304
inequality:0.00109709658834
schwarz:0.00108216925412
stochastic:0.00107260450172
notations:0.00105082304355
cauchy:0.00105001809972
probability:0.00103339357131
differentiated:0.00102119428908
rp:0.00102119428908
assump:0.00102119428908
dp:0.000995062182933
differentiate:0.000995062182933
differentiating:0.000995062182933
iis:0.000995062182933
magnitude:0.000983742308378
transposition:0.000971152447207
moments:0.000928653778885
invertible:0.000928653778885
convergence:0.000896634460059
articles:0.000891674766822
scale:0.000889691815728
quadratic:0.000879387234455
tracks:0.000874828761551
bounded:0.000865832854897
psi:0.000858910183423
par:0.000858910183423
fm:0.000858910183423
spaces:0.000854198138209
adopted:0.000854198138209
force:0.000845973813887
contraction:0.000843818539892
gamma:0.000825544131061
verifies:0.000815788434545
linearity:0.000815788434545
jth:0.000802714971477
dynamical:0.000802714971477
gain:0.00079059048614
body:0.000775412102324
fy:0.000755505280098
entering:0.000755505280098
fi:0.000745827668054
multiply:0.000734415869219
satisfies:0.000732500140051
efficiency:0.000728061593685
approximation:0.000724752632929
smoothing:0.00072439493516
piecewise:0.00072439493516
going:0.000724268465409
aim:0.000710174906259
enable:0.000710174906259
inverse:0.000710174906259
dealt:0.000705284267315
notices:0.000696154690752
rigorous:0.000687285465558
proceeding:0.000687285465558
rate:0.000680871599294
nonnegative:0.000678660951491
th:0.000678015480675
variation:0.000675847383797
viewed:0.000669541095607
observed:0.000662776315429
claimed:0.000662090141429
monotone:0.000654118771779
modelled:0.000654118771779
restrictive:0.000638748803032
sequel:0.000631330616271
multidimensional:0.000624078447743
submitted:0.0006169842157
asymptotically:0.000603240031781
multiplying:0.000603240031781
evident:0.000603240031781
lin:0.000596576562709
theoretically:0.000590043907763
article:0.000590043907763
behaviour:0.000577348596709
error:0.000572795162609
observations:0.000567313480201
transforming:0.000565112632348
parts:0.000552901066562
assumptions:0.000552901066562
equations:0.000549375105039
obtains:0.000547541061761
exponentially:0.000547541061761
looks:0.000541876507996
switching:0.00053630225086
converge:0.000530814970221
variance:0.000525411521777
surprising:0.000509675114254
involving:0.000508215479967
tends:0.000499552562182
replace:0.000496742257329
contents:0.000494594504421
calculus:0.000494594504421
universal:0.000480107038914
driven:0.00047540009258
negligible:0.00047540009258
log l:0.0164697569313
sigma m:0.0146397839389
observation noise:0.0128098109465
x 1:0.0118040410816
z th:0.0109798379542
optimal filter:0.0109798379542
d dt:0.00943796983376
approximate filter:0.00914986496181
filtering error:0.00914986496181
nonlinear filtering:0.00914986496181
wiener processes:0.00914986496181
oe f:0.00874523609047
filter 3:0.0082195095725
r 0:0.00776020630978
initial condition:0.00770036565305
parts formula:0.00731989196945
noise channel:0.00731989196945
order gamma1:0.00731989196945
o gamma1:0.00731989196945
standard independent:0.00731989196945
low noise:0.006575607658
dt d:0.006575607658
probability measure:0.00619364712937
linear case:0.00558975953891
fh x:0.00548991897709
independent wiener:0.00548991897709
small observation:0.00548991897709
dimensional diffusions:0.00548991897709
valued process:0.00548991897709
order gamma3:0.00548991897709
time scale:0.00508236378772
matrix valued:0.0049317057435
extended kalman:0.0049317057435
uniformly bounded:0.0049317057435
filtering problem:0.0049317057435
f 12:0.0049317057435
condition x:0.00460480923151
l 2:0.00439496773608
finite dimensional:0.00437261804523
ffi 1:0.00437261804523
p gamma1:0.00437261804523
x 0:0.00434474869076
one dimensional:0.00411384767341
kalman filter:0.00404484421447
theorem 2:0.00403771120479
j 2:0.00397360558748
almost linear:0.00392001928963
dimensional process:0.00365994598472
th 0:0.00365994598472
bounded partial:0.00365994598472
processes x:0.00365994598472
ffi holds:0.00365994598472
assumption h6:0.00365994598472
girsanov theorem:0.00365994598472
ds oe:0.00365994598472
assume h1:0.00365994598472
quadratic variation:0.00365994598472
signal see:0.00365994598472
filter m:0.00365994598472
dx 1:0.00365994598472
force described:0.00365994598472
filtration generated:0.00365994598472
bounded derivatives:0.00365994598472
diffusions measured:0.00365994598472
approximate filters:0.00365994598472
observation function:0.00365994598472
optimal filtering:0.00365994598472
high signal:0.00365994598472
efficient suboptimal:0.00365994598472
channel nonlinear:0.00365994598472
inequality one:0.00365994598472
estimate j:0.00365994598472
noise vanishes:0.00365994598472
gamma sigma:0.00365994598472
valued processes:0.00365994598472
riccati equation:0.00365994598472
oe oe:0.00363059137909
h x:0.00360289399774
oe h:0.003287803829
u yields:0.003287803829
computation shows:0.003287803829
taylor expansions:0.003287803829
obtain d:0.003287803829
th 2:0.003287803829
signal x:0.00306987282101
dx 2:0.00306987282101
two filters:0.00306987282101
conditional expectation:0.00306987282101
th x:0.00306987282101
asymptotic analysis:0.00306987282101
l p:0.00302428312707
process f:0.00291507869682
u gamma:0.00291507869682
function h:0.0028805204044
d d:0.00280349480358
j 5:0.00279487976946
fx t g:0.00969632093649
integration by parts:0.00876620101289
theorem 2 1:0.00866199604582
low noise channel:0.00775705674919
differentiation with respect:0.00775705674919
term of 30:0.00581779256189
almost linear case:0.00581779256189
independent wiener processes:0.00581779256189
