iag:0.0306733805026
tiam:0.0268392079398
lb:0.0201193735641
interval:0.0133640346876
gradtest:0.0115025176885
minimizers:0.0098782555178
casado:0.00894640264659
sergeyev:0.00894640264659
martinez:0.00733758396536
rejected:0.007130146179
ya:0.00691477886246
intervals:0.00663309389969
minimizer:0.00658610509465
univariate:0.00658610509465
multiextremal:0.00639028760471
garcia:0.00555900804498
nal:0.00521845777173
monotonicity:0.00516037109152
rangeup:0.00511223008376
tg:0.00504937152285
gradient:0.00483413289917
lipschitz:0.00464293236096
tm:0.00436968658364
inclusion:0.0040445340017
dierentiable:0.00397072003213
enclosure:0.00395130220712
evaluations:0.003839309481
ualm:0.00383417256282
funct:0.00383417256282
subintervals:0.00360969647034
subdivision:0.00333970911079
rejection:0.00295234301336
elimination:0.00283117380119
derivative:0.00281470114433
cut:0.00280262426053
working:0.00277641580483
division:0.00263679976319
bounding:0.00258790415057
novgorod:0.00255611504188
nde:0.00255611504188
nfe:0.00255611504188
minflb:0.00255611504188
nizhni:0.00255611504188
deis:0.00255611504188
midpoint:0.00244967756708
objective:0.00240060615484
termination:0.00230776414732
optimization:0.00218695638859
fx:0.00215139970944
mail:0.00211107536651
slopes:0.00188174431276
criterion:0.00187649889162
fg:0.00187272282156
shortened:0.00180484823517
minimization:0.00172633907733
slope:0.00171338196953
nishes:0.00168312384095
boxes:0.00166736499682
continuously:0.00165117855292
fullled:0.00163311837806
save:0.00155393220426
traditional:0.00147878938613
bounds:0.00146027512358
subdivided:0.00144435753399
numerical:0.00143936989642
accelerate:0.00141467322088
spain:0.00133588364432
graphically:0.00133588364432
davinci:0.00127805752094
diago:0.00127805752094
vink:0.00127805752094
jamartin:0.00127805752094
mdashlthe:0.00127805752094
ministerio:0.00127805752094
almera:0.00127805752094
educacion:0.00127805752094
fulll:0.00127805752094
cultura:0.00127805752094
fxnv:0.00127805752094
iron:0.00127805752094
xnv:0.00127805752094
leo:0.00127805752094
cutotest:0.00127805752094
lagouanelle:0.00127805752094
maxff:0.00127805752094
calabria:0.00127805752094
csendes:0.00127805752094
tibor:0.00127805752094
kite:0.00127805752094
hendrix:0.00127805752094
yaro:0.00127805752094
russia:0.00127805752094
miro:0.00127805752094
unical:0.00127805752094
igo:0.00127805752094
rule:0.00125588212064
sin:0.00121032093354
es:0.00120112468308
lists:0.00117491571524
evaluated:0.00115558795216
graphical:0.00115388207366
inma:0.00113316926629
rende:0.00113316926629
fsg:0.00113316926629
della:0.00113316926629
nonsmooth:0.00113316926629
universita:0.00113316926629
rst:0.00112647214541
stored:0.00111168584379
realization:0.001096945566
satised:0.00108274611623
branch:0.00105614541786
isi:0.00104822628077
disposition:0.00104822628077
lling:0.00104822628077
tams:0.00104822628077
hereinafter:0.00104822628077
comment:0.00102976470424
head:0.00102579907032
global:0.00101844478759
cicyt:0.00098782555178
subregion:0.00098782555178
subinterval:0.00098782555178
arithmetic:0.00097732484305
piece:0.000959610374242
bottom:0.000959579930947
speedup:0.00094881050395
margins:0.000940872156378
optimiza:0.000940872156378
dierent:0.000922218283269
graphs:0.000903329537859
cnr:0.000902424117584
column:0.000878493842563
louis:0.000869845232318
fig:0.000835951732158
criteria:0.000820287386309
electronics:0.000816559189028
return:0.000806203713218
yellow:0.000794144006426
basics:0.000794144006426
gures:0.000794144006426
bridging:0.000794144006426
initialization:0.000792709950572
elaborated:0.000755228366947
depict:0.000755228366947
rejecting:0.000755228366947
bisection:0.000755228366947
blue:0.00073808575334
selection:0.000732343566894
tests:0.000727120739616
else:0.000711389731723
newton:0.000707336610442
adaptively:0.000707336610442
initializing:0.000707336610442
inherit:0.000693421594036
built:0.000687985697971
search:0.00067968057298
si:0.000667941822158
stopping:0.000656205624271
signicantly:0.000656205624271
eliminated:0.000651549895367
dened:0.000645280358597
colored:0.00064504638644
jointly:0.00064504638644
lb x:0.0313063449685
support functions:0.0230098300904
interval x:0.0227247229948
interval analysis:0.0217315061965
f x:0.0209963767818
global optimization:0.0194854226502
x lb:0.0170761881647
support function:0.0142301568039
x f:0.0134421966396
z x:0.0127089523529
new support:0.0119359061017
analysis global:0.0113841254431
m x:0.0111203333088
global minimizers:0.0107423154915
f z:0.0106284123546
hand graph:0.0102265911513
intervals x:0.0102265911513
f 0:0.00999005356202
g casado:0.00996110976272
working list:0.00996110976272
garcia j:0.00996110976272
d sergeyev:0.00996110976272
monotonicity test:0.00996110976272
ya d:0.00996110976272
f m:0.00974271132509
gradtest procedure:0.00853809408233
cut o:0.00793383809138
objective function:0.00741605688084
division rule:0.00711507840194
f lb:0.00711507840194
o test:0.00711507840194
nal list:0.00711507840194
tm tg:0.00711507840194
global minimization:0.00711507840194
gradient test:0.00711507840194
inclusion function:0.00711507840194
global minimizer:0.00711507840194
test functions:0.00639161946957
gradient information:0.00639161946957
x g:0.00571826242316
iag algorithm:0.00569206272155
traditional interval:0.00569206272155
rule line:0.00569206272155
save fx:0.00569206272155
nal lists:0.00569206272155
bound f:0.00566702720813
l g:0.00548736990618
minimization algorithm:0.00543335578358
new interval:0.00511329557565
interval v:0.00511329557565
using gradient:0.00508044739808
w x:0.00490037625862
list q:0.00477436244067
dierentiable function:0.00477436244067
information 1:0.00477436244067
lower bound:0.00475725100391
function f:0.00461478560994
list l:0.00451306100488
optimization algorithm:0.00442850514777
lower bounds:0.00438869676635
bounding rule:0.00426904704116
analysis support:0.00426904704116
univariate functions:0.00426904704116
x line:0.00426904704116
fx f:0.00426904704116
algorithm iag:0.00426904704116
tiam algorithm:0.00426904704116
search information:0.00426904704116
ualm es:0.00426904704116
f f:0.00420525742345
continuously dierentiable:0.00419377900908
problem 1:0.00397154761029
elimination rule:0.00383497168174
contain global:0.00383497168174
function evaluations:0.0035807718305
rst derivative:0.0035807718305
x 2:0.00355003699774
new algorithm:0.00346783058543
interval arithmetic:0.00340021632488
better lower:0.00340021632488
selection rule:0.00326001347015
e mail:0.00305795001391
condition f:0.00304826843885
global minimum:0.00288976624923
algorithm using:0.00285913121158
ordering criterion:0.00284603136078
minflb x:0.00284603136078
two subintervals:0.00284603136078
interval evaluations:0.00284603136078
interval function:0.00284603136078
lists line:0.00284603136078
iag right:0.00284603136078
lb c:0.00284603136078
enclosure f:0.00284603136078
return q:0.00284603136078
tiam left:0.00284603136078
rangeup test:0.00284603136078
univariate global:0.00284603136078
termination rule:0.00284603136078
x stored:0.00284603136078
real range:0.00284603136078
see lower:0.00284603136078
multiextremal univariate:0.00284603136078
bound global:0.00284603136078
information iag:0.00284603136078
nizhni novgorod:0.00284603136078
subdivision point:0.00284603136078
o tests:0.00284603136078
algorithm nishes:0.00284603136078
clearly shown:0.00284603136078
satised line:0.00284603136078
multiextremal test:0.00284603136078
elimination rules:0.00284603136078
analysis interval:0.00284603136078
lipschitz global:0.00284603136078
global search:0.00284603136078
algorithms tiam:0.00284603136078
analysis branch:0.00284603136078
g __:0.00284603136078
f minflb:0.00284603136078
bottom graphs:0.00284603136078
f __:0.00284603136078
inclusion functions:0.00284603136078
works almost:0.00284603136078
left hand:0.00283658577422
f 0 x:0.0194954934941
x lb x:0.018094947889
f z x:0.0153430845353
f m x:0.0149959236005
interval analysis global:0.0120632985927
f x f:0.0107336812797
j a martinez:0.0105553862686
