mutation:0.064653475648
mutant:0.0465714334995
mutants:0.0375443003474
oir:0.0309797037831
metamutant:0.020136807459
mutagens:0.020136807459
msg:0.019868907301
aorr:0.0185878222699
getr:0.0182040146825
newguess:0.0154898518916
interpretive:0.0139714300499
metaprocedure:0.0139408667024
putr:0.0139408667024
metaoperator:0.0123918815133
mutations:0.012035078418
schemata:0.0109727167928
ews:0.00929391113494
mothra:0.00840185293038
ast:0.00826902173129
newton:0.00805794267655
mutagenic:0.00774492594578
sqrt:0.00762256208251
schema:0.00741811940641
testing:0.00724433563144
metaoperators:0.00619594075663
imscu:0.00619594075663
svr:0.00619594075663
dr:0.00609975346301
compiler:0.00574323242988
decorated:0.00538469156013
interpreter:0.00535925949838
offutt:0.00525309638745
adequacy:0.00489393077751
metaprocedures:0.00464695556747
compiled:0.00441402068957
alternate:0.00417587927165
syntactically:0.00406650230867
driver:0.00397391358906
speeds:0.00382389462106
fortran:0.00376640167531
crr:0.00361052352539
score:0.00331159465755
metamutants:0.00309797037831
metaoperand:0.00309797037831
metamu:0.00309797037831
metamutation:0.00309797037831
leftop:0.00309797037831
rightop:0.00309797037831
metaoperands:0.00309797037831
operational:0.00295411846699
operators:0.00294142351597
meta:0.00291795020103
khanjari:0.00280061764346
ramadhan:0.00280061764346
haider:0.00280061764346
muta:0.00280061764346
gens:0.00280061764346
killed:0.0027810184672
selective:0.00269717148897
procedures:0.00267337674096
compilable:0.00262654819373
abridged:0.00262654819373
epsilon:0.00262108685059
neighborhood:0.00253178019537
conventional:0.00248716888786
simd:0.00244696538875
rae:0.00240701568359
woodward:0.00240701568359
undertaking:0.00240701568359
abstract:0.00229642012088
tant:0.00226219981003
patches:0.00220933155865
mutated:0.00220466392398
seung:0.00220466392398
laborious:0.00220466392398
descriptors:0.00217914554172
syntax:0.00216882554585
patch:0.00209579371716
quality:0.00197313140682
operand:0.00191260590631
kwon:0.00187882155031
outweighs:0.00187882155031
compilers:0.00182936325927
tested:0.00182408590117
compiling:0.00181826815209
instantiated:0.00181826815209
tems:0.00180079748835
statement:0.00176896271861
intrinsic:0.00174275520386
385:0.00171102674457
envi:0.00171102674457
embodies:0.00171102674457
programs:0.00170946042558
entities:0.00159179522012
prepared:0.00158951258408
ali:0.00157640110803
mimd:0.00156366026593
schemas:0.00155126915904
jeff:0.00155126915904
metamutations:0.00154898518916
portabilty:0.00154898518916
substantiation:0.00154898518916
bouktif:0.00154898518916
kil:0.00154898518916
mujava:0.00154898518916
vectoriza:0.00154898518916
mutagen:0.00154898518916
metaprogram:0.00154898518916
rorr:0.00154898518916
imparting:0.00154898518916
acree:0.00154898518916
zuhoor:0.00154898518916
sun4s:0.00154898518916
metaopera:0.00154898518916
arithop:0.00154898518916
ayari:0.00154898518916
zapf:0.00154898518916
ammei:0.00154898518916
fleyshgakker:0.00154898518916
ducted:0.00154898518916
interpretively:0.00154898518916
csp:0.00151600995807
interpreted:0.0015145632476
yong:0.0015048405566
rules:0.00149401482193
ada:0.00143348605891
sys:0.00140724160193
hexagons:0.00140030882173
ventional:0.00140030882173
aor:0.00140030882173
untch:0.00140030882173
sun3s:0.00140030882173
voked:0.00140030882173
arithemetic:0.00140030882173
lable:0.00140030882173
kutti:0.00140030882173
giuliano:0.00140030882173
stymied:0.00140030882173
fraught:0.00140030882173
compilation:0.00138192993686
identifiers:0.0013635459838
assessing:0.00135550076956
undifferentiated:0.00131327409686
recompile:0.00131327409686
substantiating:0.00131327409686
innate:0.00131327409686
squarely:0.00131327409686
antoniol:0.00131327409686
grammar:0.00130275422128
modifying:0.00130129532751
parsing:0.00128870995274
sigsoft:0.00128184120721
languages:0.00127681912116
slow:0.00127214464922
arithmetic:0.00126392360818
against:0.00125536111635
clemson:0.00125147667825
mutating:0.00125147667825
interpretative:0.00125147667825
dialectical:0.00125147667825
colony:0.00125147667825
misplaced:0.00125147667825
salah:0.00125147667825
crafting:0.00125147667825
exercise:0.0012363532344
altered:0.00121217876806
interpre:0.0012035078418
puter:0.0012035078418
differentiates:0.0012035078418
burdened:0.0012035078418
recompiling:0.0012035078418
dead:0.00117804524385
entity:0.00117258242043
versity:0.00116428583749
kamel:0.00116428583749
substance:0.00116428583749
baruch:0.00116428583749
unimplemented:0.00116428583749
concert:0.00116428583749
subscript:0.00114614785563
build:0.00114005368823
1994:0.00113347268062
ronments:0.00113109990502
straction:0.00113109990502
anew:0.00113109990502
rothermel:0.00113109990502
ms:0.00112597802205
language:0.00111440544744
software:0.00111427597981
environment:0.0011111262187
harness:0.00110233196199
patching:0.00110233196199
vironment:0.00107693831203
pie:0.00107693831203
integrated:0.00106178841224
modification:0.00105467309339
practicing:0.00105420632651
duced:0.00105420632651
gregg:0.00105420632651
unfor:0.00105420632651
mutation analysis:0.0394832244543
msg method:0.0152815285401
oir getr:0.0152815285401
mutation testing:0.0146234164645
dr putr:0.0118856333089
msg systems:0.0118856333089
the metamutant:0.0118856333089
the msg:0.0118856333089
mutant schemata:0.0118856333089
the mutant:0.0112048714462
program neighborhood:0.0101876856934
aorr oir:0.0101876856934
newguess sqrt:0.0101876856934
oir aorr:0.0101876856934
the program:0.00962832544843
a mutant:0.00929590297187
the mutants:0.00929590297187
of mutants:0.00929590297187
each mutant:0.00929590297187
the mutation:0.00896308497484
of mutant:0.00848973807782
interpretive systems:0.00848973807782
selective mutation:0.00848973807782
putr oir:0.00848973807782
msg system:0.00848973807782
than interpretive:0.00848973807782
test case:0.00813878468637
analysis systems:0.00811624707564
mutation system:0.00774658580989
interpreter based:0.00774658580989
mutation systems:0.00774658580989
of mutation:0.00731170823227
operational environment:0.00700304465389
software testing:0.00687185875988
mutation adequacy:0.00679179046225
of mutagens:0.00679179046225
program schemata:0.00679179046225
mutant schema:0.00679179046225
a metamutant:0.00679179046225
partially interpreted:0.00679179046225
performing mutation:0.00679179046225
oir oir:0.00679179046225
adequacy score:0.00679179046225
metaoperator procedures:0.00679179046225
at compiled:0.00679179046225
change point:0.00619726864792
mutant programs:0.00619726864792
real real:0.00619726864792
program p:0.00618497234962
test set:0.00599871361315
compiler integrated:0.00584936658582
syntactically valid:0.00584936658582
under test:0.00551284104866
syntax tree:0.00538584558747
and run:0.00532708915559
test data:0.0053014048711
an msg:0.00509384284669
the aorr:0.00509384284669
using mutant:0.00509384284669
decorated abstract:0.00509384284669
sqrt svr:0.00509384284669
mutant of:0.00509384284669
ast is:0.00509384284669
compiled speeds:0.00509384284669
mutagenic operators:0.00509384284669
p derived:0.00509384284669
crr getr:0.00509384284669
that msg:0.00509384284669
mutagens g:0.00509384284669
the imscu:0.00509384284669
mutant descriptors:0.00509384284669
msg mutation:0.00509384284669
end ews:0.00509384284669
abstract syntax:0.00498866746599
internal form:0.00464795148594
equivalent mutants:0.00464795148594
the ast:0.00464795148594
root using:0.00464795148594
abstract entities:0.00464795148594
alternate programs:0.00464795148594
execution speed:0.00441027283892
a mutation:0.00438702493936
mutation based:0.00438702493936
mutants are:0.00438702493936
program schema:0.00438702493936
a program:0.00430104695554
program under:0.00413539695884
being tested:0.00409697684793
conventional systems:0.00405812353782
time semantics:0.00405812353782
fortran version:0.00405812353782
defined types:0.00405812353782
run time:0.00405511154309
same compiler:0.00394066665885
of newton:0.00389638001842
using newton:0.00354978389329
