codebook:0.0795323718743
training:0.0353532304432
distortion:0.025050084234
codebooks:0.0178034653234
grayscale:0.0171462846771
vq:0.0159413470347
images:0.0155762264107
image:0.0133926113049
train:0.0119832953452
vc:0.0111822602386
learning:0.00891305824036
tolerance:0.00662372161443
empirical:0.00548451037972
quantizer:0.00513751065386
chervonenkis:0.00473958926237
replacement:0.00459707600011
cv31:0.00454470696425
dimension:0.00451390791306
blocks:0.00441067627351
quantization:0.00413968735569
vapnik:0.00396999031718
pixel:0.00381396258964
usc:0.00367181998578
trained:0.00352818087802
vectors:0.00325162990949
drawn:0.00320789924543
x2c:0.00302980464283
photographs:0.00287966348104
2m:0.00286695418909
mse:0.00284666911335
man:0.00274098608815
binary:0.00258986527394
gla:0.00256875532693
empirically:0.00252244253385
cv:0.00243892732568
oe:0.00222586419592
diffused:0.0022124238293
ff:0.00221188971453
worst:0.00212563886153
halftoning:0.00205424599885
drawing:0.00203523743022
generalization:0.00197332382615
bounds:0.00196770946688
satellite:0.0019431724722
compression:0.00189720400657
entropy:0.00184154684041
memoryless:0.00183748117671
bit:0.00181942745045
fit:0.00180751497087
guidance:0.0017759975278
quantize:0.00176553995107
encode:0.00169174767392
distortions:0.00169079657928
ln:0.0016871249585
guidelines:0.00163791806887
log2:0.00151632666151
halftoned:0.00151490232142
cv17:0.00151490232142
shatter:0.00151490232142
4303003000:0.00151490232142
512:0.00150153796119
encoding:0.00148780582641
block:0.00148080943276
128:0.00144437564967
imposes:0.00144015537328
drawings:0.00143983174052
squared:0.00143347709455
fraction:0.00139062718238
error:0.00136746200038
quantized:0.00135991336824
classifier:0.00135799899893
concept:0.00135669446282
sampling:0.00135012687344
pixels:0.00131891233644
sources:0.00131030745845
shattered:0.00128437766347
shatters:0.00128437766347
implications:0.00125085174975
practitioners:0.00124247335984
plot:0.00123380796409
sample:0.00123372890149
quantizers:0.00122393999526
weather:0.00120745112363
bounding:0.00120379914828
pollard:0.00117702663405
rate:0.00116148458529
tighter:0.00115752751467
formal:0.00113554815977
complexities:0.00113110321044
bits:0.00111351491846
errors:0.0011068377352
bayes:0.00108799087041
practitioner:0.00107807696283
examined:0.0010711249301
classification:0.00105730294201
mri:0.0010532420583
sampled:0.0010294263994
asymptotic:0.00100399412374
exponent:0.000994256405835
lloyd:0.000992497579295
extrapolate:0.000992497579295
technically:0.000982750841324
measures:0.000956904988808
reconcile:0.000945276510167
codeword:0.000945276510167
dimensional:0.000940363318926
lax:0.000918740588357
goes:0.000909208570971
labelings:0.000906608912157
learnability:0.000895124900144
reserving:0.000884222067304
predicts:0.000848327407832
plots:0.000836778659629
sizes:0.000814541472357
typical:0.000808622212946
curve:0.000803190339151
obtainable:0.00079770798193
brain:0.00079770798193
probability:0.00079138280542
ffl:0.000786255219882
alpha:0.000778385194079
covering:0.000778385194079
neural:0.000768951743607
hamming:0.000764627248648
learner:0.000758568018153
41010036:0.000757451160708
unimportance:0.000757451160708
masulli:0.000757451160708
tortion:0.000757451160708
10rep:0.000757451160708
recapitulating:0.000757451160708
65025:0.000757451160708
moot:0.000757451160708
00data:0.000757451160708
rovetta:0.000757451160708
itakura:0.000757451160708
0test:0.000757451160708
complexity600100014001800:0.000757451160708
assuredly:0.000757451160708
9110508:0.000757451160708
converge:0.000751301397838
scans:0.000730533587382
professor:0.000730533587382
5000:0.000725327246941
source:0.000719259850956
comprised:0.000705636175605
advice:0.000696403151759
curves:0.000694530654578
9108314:0.000684748666284
memorizes:0.000684748666284
stymied:0.000684748666284
dithering:0.000684748666284
telescope:0.000684748666284
madigan:0.000684748666284
hasenjger:0.000684748666284
plotted:0.000678206121794
learn:0.000673331676438
draw:0.000659055827562
pictures:0.00065897022135
256:0.000649812763849
convergence:0.000649015941941
governed:0.000647745694333
broken:0.0006475346152
paradigms:0.000644123069687
082:0.000642188831733
qualifies:0.000642188831733
memorization:0.000642188831733
covers:0.000640775756043
speech:0.000630177006437
loose:0.000630177006437
indicating:0.000626121133827
encodes:0.000617024094545
reserved:0.000613848946803
outweighed:0.000611969997629
photos:0.000611969997629
014:0.000611969997629
corroborating:0.000611969997629
asymptote:0.000611969997629
photographic:0.000611969997629
diffusion:0.00060762540088
ten:0.000602396474246
observed:0.000601825836088
bayesian:0.000601563121675
trials:0.000595653479086
database:0.000594427665565
shuffling:0.000588513317023
remainder:0.000575551282831
analytically:0.000570749102608
saito:0.000569333822669
1331:0.000569333822669
concern:0.000563476048378
thing:0.000560464379949
derive:0.000559238637181
brevity:0.000557960567273
tested:0.000557484342308
testing:0.000553510621724
onset:0.000553105957325
representative:0.000548830714828
fits:0.000548197217629
phil:0.000539038481413
training set:0.0297869153924
a codebook:0.0249060785106
learning complexity:0.0174232022623
vc dimension:0.0158915246397
the codebook:0.0157738497234
the training:0.0150318283883
gamma train:0.0149436471064
test gamma:0.0143930801297
r tolerance:0.0124530392553
set size:0.0115660715089
the vc:0.0107937664576
image s:0.00958748588433
grayscale images:0.00958748588433
training distortion:0.00913222878721
d oe:0.00899480538131
ffl d:0.00867824145767
test distortion:0.0083020261702
oe s:0.00816033523196
tolerance error:0.00757530533144
codebook size:0.00747182355318
k dimensional:0.00709664885119
s m:0.00704142015746
binary images:0.00694259316613
d vectors:0.00673237537788
train distortion:0.00664162093616
vq codebook:0.00664162093616
codebook oe:0.00664162093616
distortion of:0.00659619061296
of images:0.00652862927835
the image:0.00646052733857
an image:0.00608592583782
and training:0.00595560949185
vector quantization:0.00588574986657
empirical worst:0.00581141831914
codebook is:0.00581141831914
codebook of:0.00581141831914
vector quantizer:0.00572003447332
training and:0.0056162041404
without replacement:0.00539688322878
dimension of:0.00534273766384
a vq:0.00530271373201
the vapnik:0.0051380490077
trained on:0.00505495185213
test images:0.00504870983524
vapnik chervonenkis:0.00500851837459
training error:0.00500503016415
codebook on:0.00498121570212
and codebook:0.00498121570212
and grayscale:0.00498121570212
a grayscale:0.00498121570212
of codebook:0.00498121570212
grayscale image:0.00498121570212
worst case:0.00469791666548
set sizes:0.00454945666692
t tolerance:0.00454518319886
the learning:0.00449914856134
with replacement:0.00449579288174
images the:0.00446908657767
of blocks:0.00420589055182
a training:0.00416274673516
test train:0.0041510130851
formal bounds:0.0041510130851
ln 2m:0.0041510130851
codebook with:0.0041510130851
blocks drawn:0.0041510130851
the r:0.0040856229194
block size:0.00397124881991
m blocks:0.00385353675578
the usc:0.00378765266572
image or:0.00372892790822
images we:0.00372678454672
bit rate:0.00372678454672
the empirical:0.00370949799691
the generalization:0.00365652538173
training image:0.00357502154582
empirical error:0.00357502154582
the grayscale:0.00357502154582
bit error:0.00353144991994
and test:0.00350593261085
available data:0.00347410553691
average bit:0.00342410210155
dimensional vectors:0.00341636089504
for binary:0.0034148560573
typical images:0.00332081046808
i x2c:0.00332081046808
16 dimensional:0.00332081046808
learning complexities:0.00332081046808
generalization curve:0.00332081046808
2m ln:0.00332081046808
error diffused:0.00332081046808
of codebooks:0.00332081046808
codebook design:0.00332081046808
train cv:0.00332081046808
usc database:0.00332081046808
codebook for:0.00332081046808
blocks distortion:0.00332081046808
grayscale codebook:0.00332081046808
