nonsmooth:0.0283240601562
msam:0.0183154646004
sam:0.0136498984693
lipschitzian:0.0124651150895
newton:0.0114334183344
globally:0.00738445739206
5042:0.00732618584018
6618:0.00732618584018
6111:0.00732618584018
convergent:0.00732256571038
complementarity:0.00694190507605
jjf:0.00688335698449
convolution:0.00633687967543
smooth:0.00631626903693
lc:0.0062671282312
convergence:0.00596351430696
differentiable:0.00565106239428
thetan:0.00560968515843
0961:0.00549463938013
9506:0.00549463938013
9018:0.00549463938013
nondifferentiable:0.0050935607826
damped:0.00505786788503
successive:0.0048851411868
smoothing:0.00454064736821
jj:0.004385655342
trust:0.00410461820554
nonlinear:0.00398128224651
convex:0.00395525956384
variational:0.00372997083756
9120:0.00366309292009
f_:0.00366309292009
phi:0.00359023875132
fx:0.00356060170527
kernel:0.00352732876939
accumulation:0.00350773916636
superlinearly:0.00333232588369
x_:0.00331149798379
0022:0.00331149798379
4576:0.00331149798379
equations:0.00319674314475
qi:0.00303472073102
monotone:0.00297868666983
broyden:0.00295953466297
decomposition:0.00292344100025
nonsingular:0.0028527468924
rightarrow:0.00275334279379
xiaojun:0.00275334279379
approximation:0.00261592766474
continuously:0.00260047672959
modulus:0.0025593837066
pang:0.0024930230179
continuity:0.00248919319885
iteration:0.00247016406555
continuous:0.00246987353946
operator:0.00214865815534
normal:0.00207846467051
locally:0.00205287291008
quasi:0.00199706337556
f_k:0.00183154646004
ilker:0.00183154646004
poliquin:0.00183154646004
6859c:0.00183154646004
2249:0.00183154646004
2262:0.00183154646004
bintong:0.00183154646004
7545:0.00183154646004
9174:0.00183154646004
womersley:0.00183154646004
0682:0.00183154646004
0524:0.00183154646004
liqun:0.00183154646004
5370:0.00183154646004
jiye:0.00183154646004
birbil:0.00183154646004
rangaraj:0.00183154646004
chitzian:0.00183154646004
6850c:0.00183154646004
valued:0.00178111794094
superlinear:0.00177934909492
professor:0.0017664587175
lim:0.00172679460814
maximal:0.00167176571543
4182:0.0016557489919
mollifier:0.0016557489919
guanglu:0.0016557489919
3704:0.0016557489919
cherng:0.0016557489919
continu:0.0016557489919
boor:0.0016557489919
2974:0.0016557489919
8975:0.0016557489919
houyuan:0.0016557489919
neurobiology:0.0016557489919
7656:0.0016557489919
nonnegative:0.00163992886405
bg:0.00162196003252
uniformly:0.00161727856664
definite:0.0015879870189
han:0.00158421991886
subgra:0.0015528376514
0221:0.0015528376514
dients:0.0015528376514
nonsmoothness:0.0015528376514
cauchy:0.00154889097037
ff:0.00152812446599
jjxjj:0.00147976733149
jjzjj:0.00147976733149
olvi:0.00147976733149
ffk:0.00147976733149
subgradients:0.00147976733149
continous:0.00147976733149
defeng:0.00142304816257
nonexpansive:0.00142304816257
severely:0.00141276559857
entropic:0.0013766713969
thankful:0.0013766713969
kth:0.0013431783615
jjx:0.00133743178533
5f:0.00133743178533
lips:0.00133743178533
integration:0.0013111305885
infty:0.00130341607971
resolvent:0.00130341607971
stopping:0.00128640146174
conjugate:0.0012756725958
featured:0.00127339019565
nonsingularity:0.00127339019565
sqp:0.00127339019565
upgraded:0.00127339019565
mangasarian:0.00127339019565
minf:0.00124651150895
stants:0.00124651150895
delta:0.00122929573446
quadratic:0.0012232869869
ous:0.00122217901001
region:0.00122112414938
chen:0.00121538323173
gammaf:0.00119994893549
inequality:0.00119736503519
projection:0.00119585877071
pi:0.00118686723509
numerical:0.00116919141759
piecewise:0.00116877482354
shu:0.00116052310882
commack:0.00114285774171
optimization:0.00112295952409
nonincreasing:0.00111077529456
nova:0.00111077529456
differentiability:0.00109610786137
pa:0.00109328590937
satisfying:0.0010908777702
shapiro:0.00108222346681
euclidean:0.00106999534849
dz:0.00106904172921
strongly:0.00106405153599
establish:0.00105163321499
fk:0.00103307257256
quote:0.00102210302461
polyhedra:0.00102210302461
infinite:0.00100648844497
rob:0.000982299403706
az:0.000982299403706
carl:0.000982299403706
gabriel:0.000973221309342
arising:0.000967802667749
algorithmically:0.000955949240365
fz:0.0009397333709
inequalities:0.000926574344385
australian:0.000924449260336
famous:0.000909993231284
230:0.00090304792445
assumptions:0.000897633179377
ae:0.000897441185808
suggestion:0.000896277992691
nondecreasing:0.000896277992691
merit:0.000896277992691
primal:0.000889674547462
fang:0.00088322935875
_:0.00087078375004
boundedness:0.00086476962761
differential:0.000861869504219
pursue:0.000847489161
continuation:0.000841964996248
polyhedral:0.000836550676535
outstanding:0.000836550676535
mr:0.00083124175723
194:0.000820923641108
jiang:0.000820923641108
rate:0.000802432869958
203:0.000801383594062
subproblem:0.000801383594062
dr:0.000801383594062
proves:0.000797239180471
monte:0.000796707853124
kg:0.000796707853124
proposition:0.000794662131515
158:0.000792109959429
sun:0.000781903749891
regularization:0.000778757357118
nonsmooth equations:0.0328541399708
successive approximation:0.0223933824957
the sam:0.0192418503664
normal decomposition:0.0183201061272
approximation method:0.0156574967244
the msam:0.012046563975
r n:0.0111724128604
iteration function:0.0103749915697
lc 1:0.0103749915697
all k:0.0101264112395
locally lipschitzian:0.0100388033125
k k:0.00961886632116
sam and:0.0091600530636
solving nonsmooth:0.0091600530636
globally convergent:0.00912622475069
newton method:0.00812572046974
globally lipschitzian:0.00803104264999
0 6111:0.00803104264999
0 5042:0.00803104264999
5042 0:0.00803104264999
the nonsmooth:0.00803104264999
0 6618:0.00803104264999
and msam:0.00803104264999
integration convolution:0.00803104264999
kernel function:0.0080266243133
for nonsmooth:0.00799763660562
damped newton:0.00799763660562
the successive:0.00786038671349
1 optimization:0.00776615586678
f is:0.00747293916412
f 0:0.00746183218238
monotone operator:0.00740071167939
solve f:0.00732804245088
iteration functions:0.00732804245088
maximal monotone:0.00725100758184
2 0:0.00712034526265
k g:0.00694383902176
global convergence:0.00671229065592
fx k:0.00668885359442
f k:0.00663068398257
of nonsmooth:0.00662467437508
trust region:0.00644145228951
a normal:0.0064316417394
uniformly continuous:0.00639810928449
smooth kernel:0.00639810928449
if f:0.0061000568145
0 9506:0.00602328198749
dimensional smooth:0.00602328198749
msam are:0.00602328198749
9506 0:0.00602328198749
nondifferentiable at:0.00602328198749
0 9018:0.00602328198749
9018 0:0.00602328198749
1 0961:0.00602328198749
of f:0.00600428399965
nonlinear complementarity:0.00592056934351
z z:0.00573465616882
complementarity problem:0.0055966520176
continuously differentiable:0.00555528394278
get d:0.00550808109838
sam is:0.00549603183816
construct f:0.00549603183816
convergent methods:0.00549603183816
at x:0.00524437922378
0 1:0.00524397367258
smoothing newton:0.00518749578486
convolution in:0.00518749578486
is globally:0.00509485159881
newton methods:0.00503967472594
of fx:0.0049873096055
lipschitzian with:0.00496850578131
2 r:0.00476710645142
k 0:0.0047444886335
definite a:0.00465969352007
x k:0.00463506040092
convergence of:0.00463054291572
k 2:0.00458008215613
smooth function:0.00457258946428
r m:0.00456883067343
strongly convex:0.00454222226768
g k:0.00446591141126
k is:0.00444837381845
superlinearly convergent:0.00444042700763
the damped:0.00444042700763
accumulation point:0.00444042700763
is locally:0.00438554255328
ff 2:0.00437031601982
an accumulation:0.0043506045491
if phi:0.0043506045491
nonlinear equations:0.00432999090064
is smooth:0.00432999090064
variational inequality:0.00427022637937
thetan and:0.00427022637937
nonsingular for:0.0041974890132
n thetan:0.00417914430285
phi is:0.00413333750016
decomposition of:0.00408506315742
newton s:0.00406817288534
0022 0:0.004015521325
broyden like:0.004015521325
6111 1:0.004015521325
severely nonsmooth:0.004015521325
xiaojun chen:0.004015521325
operator problem:0.004015521325
convergent successive:0.004015521325
