consistency:0.0175283233071
convex:0.01525009945
relationally:0.0124950077086
row:0.0124449369913
instantiation:0.00943032888884
constraint:0.00920009301242
relational:0.00911727010559
consistent:0.00737268694498
arc:0.00673389395517
relations:0.00652306576133
network:0.00561798991011
convexity:0.00541186562925
domains:0.00525172124647
globally:0.00492782686989
directionally:0.00489965915559
implicational:0.00489965915559
ordering:0.00451499129534
networks:0.00445524328724
montanari:0.00443162733134
backtrack:0.00438612506861
directional:0.00435821112489
dechter:0.00416500256954
binary:0.00413924725323
pp4:0.00407411737928
subtuple:0.00407411737928
backtracking:0.00387635686525
pc:0.00372492288097
ary:0.0034926673392
w3:0.00339905620078
enforcing:0.00271163631625
jeavons:0.00263329200062
composition:0.00255736626298
constraints:0.00244558685841
intersection:0.00235828368594
arity:0.00230832668182
temporal:0.0022610608268
generalize:0.00217192239413
clauses:0.00216893372809
satisfaction:0.00215887596331
gault:0.00207249218104
instantiations:0.00204006232114
ij:0.00203392526488
pearl:0.00203375090465
parsing:0.00203372723718
scene:0.00202868170781
instantiate:0.00197900441774
freuder:0.00197496900046
deciding:0.00195259278237
closure:0.00193751432408
path:0.00188015867554
monotone:0.00185523295764
reasoning:0.00179070309053
labeling:0.00176915946068
mackworth:0.00173960209646
ra:0.00171625901252
transposition:0.00171625901252
pp3:0.00162964695171
minimaland:0.00162964695171
5y:0.00162964695171
findorder:0.00162964695171
bi:0.00162166046402
fx:0.00158405037542
strongly:0.00157792734166
minimal:0.00151229884746
width:0.00149427424871
ik:0.00147922056618
maruyama:0.00147322841998
peter:0.0014669999258
zeroes:0.00142679476054
rs:0.0014177664095
yuanlin:0.00138166145403
propositional:0.00137814983319
matrices:0.00132880207108
downto:0.00131664600031
instantiated:0.00127530169309
np:0.00125349216337
formulated:0.00122846767744
hentenryck:0.0012249147889
mohr:0.0012249147889
yap:0.0012249147889
vectors:0.00122427237936
artificial:0.00121231185882
tractable:0.00121127586558
jk:0.00120525140593
jonsson:0.00119000073416
xng:0.00119000073416
valued:0.00118858304433
iff:0.00117329211188
tuple:0.00116924857333
matrix:0.00116234274002
sentence:0.00116219007938
minimality:0.00114631111848
intelligence:0.00113169716498
rt:0.0011237271777
henderson:0.0010874527846
usefulness:0.00108110697601
dn:0.00107591339716
scenes:0.00107591339716
desirability:0.00106767323003
cohen:0.00106332480713
satisfiability:0.00105115200427
falls:0.00102045283131
entry:0.00101869064898
roland:0.00101687545233
specializations:0.00101687545233
consistently:0.000997940661661
functional:0.000990633263001
restricting:0.000983419403061
labelings:0.000975279019119
induced:0.000959177914814
embeddings:0.000940032005507
jd:0.000909432064507
cnf:0.000891055436305
relation:0.000886027247595
floor:0.000882381145664
satisfied:0.000863025036342
satisfies:0.000851865361476
subsumes:0.000850570705979
parse:0.000843246480765
qualitative:0.000833931869965
embedding:0.000830549387611
eighteenth:0.000829245262757
inequalities:0.000824433935367
bessiere:0.000814823475856
clowes:0.000814823475856
nonbinary:0.000814823475856
hebrard:0.000814823475856
hachemi:0.000814823475856
nd2d:0.000814823475856
hnich:0.000814823475856
orthohedral:0.000814823475856
bennaceur:0.000814823475856
meiri:0.000814823475856
x0z:0.000814823475856
edmonton:0.000809680632074
examining:0.000808207905879
formulating:0.000774793386251
subsets:0.000773648757271
tasks:0.000769369904806
richard:0.000768221181055
integers:0.000761073168027
acyclic:0.000759635581496
synthesizing:0.000759083821007
causal:0.000759083821007
wall:0.000749151451802
stuck:0.00074433397662
oe:0.000743108232691
alberta:0.00073961028309
vilain:0.000736614209988
r01:0.000736614209988
oeoe:0.000736614209988
clique:0.0007215820839
jacm:0.000713043517981
applicable:0.000709411937126
projection:0.000709355961524
ae:0.000698698222574
xn:0.000696808488133
conven:0.000690830727013
lueker:0.000690830727013
broxvall:0.000690830727013
i01:0.000690830727013
ath:0.000690830727013
looseness:0.000690830727013
renz:0.000690830727013
dalmau:0.000690830727013
vctor:0.000690830727013
f01:0.000690830727013
universal:0.000682158176185
intersecting:0.000681575524916
guarantee:0.000673969923973
imposing:0.000670734277482
tree:0.000669131095265
coloring:0.000660344268293
bth:0.000658323000155
cnfs:0.000658323000155
sistent:0.000658323000155
k01:0.000658323000155
tractably:0.000658323000155
koubarakis:0.000658323000155
composi:0.000658323000155
tee:0.000658323000155
nonsense:0.000658323000155
diverse:0.000640770604644
database:0.000639451943209
sufficient:0.000637833006583
prepositional:0.000633089618763
plicity:0.000633089618763
toby:0.000633089618763
manolis:0.000633089618763
rina:0.000633089618763
unlucky:0.000633089618763
bettini:0.000633089618763
brahim:0.000633089618763
consecutive:0.000625020000505
van:0.000624530844723
140:0.00062260158927
efficiently:0.000622081225752
topology:0.000618325451525
closed:0.000614798066486
beek:0.000612457394449
row convex:0.0574623852034
path consistency:0.0291715846213
constraint networks:0.0235721759061
path consistent:0.0207675262432
constraint network:0.0202047222052
globally consistent:0.0138181720439
are row:0.0132605504315
network is:0.0128451956049
relational pc:0.0125032950106
relationally path:0.0125032950106
row convexity:0.0122237299253
binary constraint:0.011611420731
the domains:0.0113598087737
consistent instantiation:0.00982401750833
relational path:0.00982401750833
arc consistency:0.00967272043071
the variables:0.00946874829568
r ary:0.00884036695436
local consistency:0.00855916374094
instantiation of:0.0084659808808
minimal network:0.00846084402502
is row:0.00838602608349
x i:0.00814441733603
the constraints:0.00806400082531
the network:0.00748539867285
domains of:0.00741330755435
binary constraints:0.00740839814192
directionally row:0.00714474000606
consistency is:0.00676644551449
a constraint:0.00675482958931
relations are:0.00668366911642
1 matrices:0.00658397210841
network r:0.0065193226268
1 matrix:0.0064248665471
an ordering:0.00635231754607
made row:0.0062516475053
consistent relative:0.0062516475053
relationally arc:0.0062516475053
convexity property:0.0062516475053
a network:0.00617914124223
arc consistent:0.0061533411091
without backtracking:0.0061533411091
is relationally:0.0061533411091
row vectors:0.00603462442637
backtrack free:0.00589357796958
zero entry:0.00589357796958
the relations:0.00566840333382
an instantiation:0.00566573227621
constraints are:0.00562802768496
ordering of:0.00550114206048
consistent network:0.00538417347046
bi valued:0.00535855500454
directional closure:0.00535855500454
extended composition:0.00535855500454
induced width:0.00535855500454
of relations:0.00529668540845
r ij:0.00521939458905
between variables:0.00509915904859
found without:0.00498051444753
relational arc:0.0048894919701
k consistent:0.0048894919701
0 1:0.00466525084252
scene labeling:0.00461500583183
o d:0.00451023481518
montanari 24:0.00446546250379
binary row:0.00446546250379
a subtuple:0.00446546250379
consistent we:0.00443212689479
global consistency:0.00443212689479
the constraint:0.00442339723119
ordering d:0.00442018347718
non binary:0.00435663177856
variable x:0.0042817318683
non zero:0.00426890725145
of constraint:0.00425544204727
variables x:0.00424704481708
a solution:0.00424690607981
constraint graph:0.00414545161316
x j:0.00408580856883
strongly n:0.00407457664175
directional relational:0.00407457664175
implicational constraints:0.00407457664175
consistency algorithm:0.00395038326505
solution can:0.00389716385658
corresponding minimal:0.00384583819319
that satisfies:0.0038078430789
and globally:0.00373425581019
temporal reasoning:0.00373425581019
n consistent:0.00368348623099
is path:0.0036751586091
for binary:0.00367353977622
the row:0.00365255958906
relation r:0.00363813832772
the 0:0.00361616181042
