calibration:0.0309713664109
camera:0.0191094178622
focal:0.0171651570847
vsdf:0.0133674443007
covariance:0.0100621205827
head:0.00974081582201
azimuth:0.00929377052926
elevation:0.00917519500216
rotation:0.00863183640349
tracked:0.00809446112978
vision:0.00803735203865
image:0.00801192723236
filter:0.00775398029864
motion:0.00616934401372
kalman:0.00575427455864
angles:0.00575347831139
stereo:0.00560385770523
corner:0.00517734628519
pixels:0.00512073567785
frame:0.00504288140617
matches:0.00485525147153
fy:0.00470685584791
axis:0.00449204885384
centre:0.00435855599296
gaze:0.00415441649236
frames:0.00408762990027
25hz:0.0040102332902
oe:0.00365727971918
eye:0.00365451360526
misalignment:0.00362531875241
measurement:0.00328856669472
stationary:0.00325033221499
rms:0.00315942013571
angle:0.00315741062538
alignment:0.00310810720345
lengths:0.00305328413933
platform:0.00304357004441
fx:0.00303180055827
020:0.00298390579745
axes:0.00292794822073
visual:0.00286391875455
3d:0.00286391875455
tracking:0.00272354642749
feature:0.00270220574394
offsets:0.00269881747821
pixel:0.00269234163872
mounts:0.00267348886013
06error:0.00267348886013
mounted:0.0024320803001
yorick:0.00241687916827
trajectory:0.00241150623224
scene:0.00237722740275
optic:0.00236956510179
measurements:0.00233570441291
inverse:0.00232944556944
world:0.00232167191774
p0:0.00231322964669
fixation:0.00226666058064
metrology:0.00226666058064
utilising:0.00226666058064
x0:0.00217136247901
8000:0.00213090116936
egomotion:0.00207720824618
4000:0.00204060576124
6000:0.00197725415559
eq:0.00195196548048
angular:0.00190661064797
dof:0.00190258256901
calibrating:0.00190258256901
features:0.00186995913054
robot:0.00176507094297
gammaf:0.00175155268062
calibrate:0.00175155268062
mount:0.00175155268062
iv:0.00172480181147
harris:0.00172168065061
corners:0.00171470550297
runs:0.00171409154467
offset:0.0017125782407
uk:0.00169567473928
estimates:0.00169458834451
complicating:0.00169400322134
dimension:0.0016770763439
ccd:0.00166821727312
update:0.00165046267608
robotic:0.00164407844533
secondly:0.0016251661075
uncalibrated:0.00162138686673
eqs:0.00156046882588
stimuli:0.00154215309779
cumulative:0.00152494558609
oxford:0.00150796503103
650:0.00149195289872
formulae:0.0014575460694
pure:0.0014466607205
affine:0.00140830988428
robots:0.00140778938231
estimated:0.00138370735058
observations:0.00136524389613
active:0.00135290458723
position:0.00135243450726
prediction:0.00133911495599
5390:0.00133674443007
t805:0.00133674443007
g30003:0.00133674443007
foveated:0.00133674443007
cyclotorsion:0.00133674443007
vernier:0.00133674443007
negligble:0.00133674443007
3pj:0.00133674443007
dwm:0.00133674443007
igonoring:0.00133674443007
betweene:0.00133674443007
fy0:0.00133674443007
stringency:0.00133674443007
fixate:0.00133674443007
incorpo:0.00133674443007
bration:0.00133674443007
repect:0.00133674443007
saccade:0.00133674443007
joss:0.00133674443007
refocussing:0.00133674443007
cremented:0.00133674443007
30pixel:0.00133674443007
1radians:0.00133674443007
horizontal:0.00133028044099
projective:0.00132830742747
match:0.00129745378096
vectors:0.00129115200955
motions:0.00128005237515
constantly:0.00127107376531
window:0.00127045229074
predicted:0.0012663060858
inmos:0.00120843958414
misalignments:0.00120843958414
notional:0.00120843958414
utilises:0.00120843958414
gazing:0.00120843958414
odometry:0.00120843958414
calibrates:0.00120843958414
ox1:0.00120843958414
bundling:0.00120843958414
sigma90:0.00120843958414
fx0:0.00120843958414
0058:0.00120843958414
fig:0.00120578909542
discarded:0.00119689334808
rotations:0.00119097045887
jacobian:0.00118377889208
geometrical:0.00117671396198
initialized:0.0011630970448
displacement:0.0011562344711
matters:0.00114963271473
rarer:0.00113333029032
recursiveness:0.00113333029032
decribed:0.00113333029032
associa:0.00113333029032
digress:0.00113333029032
commencing:0.00113333029032
ffi:0.00111866549969
unstructured:0.00111814683008
ce:0.00111213190633
demonstrating:0.00108891974082
cubic:0.00108891974082
coupled:0.00108499554037
removing:0.00108017924059
obviate:0.00108000030647
elevated:0.00108000030647
028:0.00108000030647
cali:0.00108000030647
measures:0.00105546195604
reactive:0.0010512050304
estimate:0.00105113078806
py:0.00103860412309
courtney:0.00103860412309
tilt:0.00103860412309
thacker:0.00103860412309
intial:0.00103860412309
correspondence:0.00102115470837
ox:0.00100475628764
bounce:0.00100475628764
focussing:0.00100475628764
whereupon:0.00100475628764
abscissa:0.00100475628764
parks:0.00100475628764
latest:0.000989103558104
transformation:0.000982489005284
yi:0.000980311574121
dips:0.000976117466108
pz:0.000976117466108
plagued:0.000976117466108
maybank:0.000976117466108
hartley:0.000976117466108
transputer:0.000976117466108
reappear:0.000976117466108
recovered:0.000975982740242
statistically:0.000967454557148
matrix:0.000953430546366
continual:0.000951291284506
gammaoe:0.000951291284506
state vector:0.0157668896007
calibration algorithm:0.0146525311156
the calibration:0.0142954246375
calibration parameters:0.0132952938748
the camera:0.0128200733394
focal length:0.012222438304
the vsdf:0.0117220248925
inverse covariance:0.0113574209545
focal lengths:0.0108779677158
the focal:0.0104661394364
local state:0.0101143018843
time matches:0.00935894158398
state dimension:0.00935894158398
dimension filter:0.00879151866937
variable state:0.00817128604847
and azimuth:0.00757161396969
head angles:0.00732626555781
head eye:0.00732626555781
eye platform:0.00732626555781
global state:0.00707101681984
the rotation:0.00664585318587
local states:0.00635009637535
full state:0.00630967830808
elevation and:0.00630967830808
image centre:0.00586101244625
angles e:0.00586101244625
kalman filter:0.0058577879675
the head:0.00583279893382
the image:0.00545332488732
tracked features:0.00534796661941
error pixels:0.00534796661941
length time:0.00534796661941
oe z:0.00525562986691
oe y:0.00520992515996
by angle:0.00504774264646
rotation axes:0.00504774264646
state vectors:0.00502471056367
camera calibration:0.00502471056367
y z:0.00490104509201
oe x:0.00488476448346
covariance matrix:0.00483248638314
calibration of:0.00475733610746
single camera:0.00453415957837
covariance p0:0.00439575933469
azimuth axis:0.00439575933469
z frame:0.00439575933469
full calibration:0.00439575933469
head frame:0.00439575933469
angle offset:0.00439575933469
alignment offsets:0.00439575933469
visual direction:0.00439575933469
estimate x:0.00423339758357
prediction error:0.00415518483275
the filter:0.00402707198595
fx fy:0.00401097496456
for calibration:0.00401097496456
corner features:0.00401097496456
structure from:0.00392564554527
p gamma1:0.00385388285766
x oe:0.00383399620282
fy in:0.00378580698485
camera mounted:0.00378580698485
predicted position:0.00378580698485
cumulative number:0.00378580698485
initial estimate:0.00367792795793
the inverse:0.00365636826463
the runs:0.00363971217002
the rms:0.00362598923859
2000 4000:0.00362598923859
five runs:0.00362598923859
frame x:0.00362598923859
of tracked:0.00362598923859
6000 8000:0.00362598923859
4000 6000:0.00362598923859
linear with:0.00360334805366
y oe:0.00360334805366
x y:0.00358137568574
filter is:0.00353550840992
from motion:0.0035037532446
update rules:0.00350197973506
new observations:0.00350197973506
pure rotation:0.00350197973506
match is:0.00347328343998
camera frame:0.00340061968378
the x:0.00334251973148
self calibration:0.00331488978514
y i:0.0032505498511
affine structure:0.0032406001428
mounted on:0.0032406001428
rms error:0.00317504818768
the world:0.00314552602495
initial values:0.00301648784458
runs of:0.00293878987191
gaze frame:0.00293050622312
entries oe:0.00293050622312
stationary relative:0.00293050622312
reactive vision:0.00293050622312
vsdf is:0.00293050622312
offset 2000:0.00293050622312
fy oe:0.00293050622312
state estimates:0.00293050622312
tracked corner:0.00293050622312
filter vsdf:0.00293050622312
initial errors:0.00293050622312
