cfd:0.0335778174312
alliant:0.0171462302141
sgi:0.0169366557817
parafrase:0.0128935691872
compilers:0.0115460172771
polaris:0.0106143329897
serial:0.0104187043418
bottlenecks:0.00924689284818
loops:0.00832834020504
parallelization:0.0083276038951
speedup:0.00828662412349
parallelizing:0.00784261328836
solvep:0.0076038763553
alliants:0.0076038763553
coefv:0.0076038763553
optimizations:0.00707889591134
bus:0.00706983508908
challenge:0.00699636071877
ppolaris:0.00651760830455
parallelism:0.00641045037083
parallelized:0.00629075786178
loop:0.00601128916723
compiler:0.00559388633239
iadd:0.00543134025379
pfa:0.00526579262874
sharing:0.00522917400124
cache:0.0050290093903
fx:0.0049274162041
2800:0.00491002349438
contention:0.0048571315772
amdahl:0.00453139393138
architectural:0.00437963235559
solvev:0.00434507220303
hyperplane:0.00416079533873
false:0.00402859109101
synergetic:0.0039280187955
coefp:0.00325880415227
corect:0.00325880415227
2000000:0.00325880415227
parallelize:0.00307730643442
multiprocessors:0.00301378760603
restructuring:0.00293946484687
algorithmic:0.00289546137953
threads:0.00285169395216
processors:0.00283544657978
manual:0.00278590700262
nmax:0.00276290768297
bars:0.00271122885775
doacross:0.00263289631437
ns:0.00261420442945
alg:0.00260035325549
code:0.00251642036297
parallelizer:0.00244946145915
shades:0.00244946145915
eq:0.0023793153986
native:0.00236258895288
thread:0.00232809501378
4mb:0.0023191209316
misses:0.00227925964386
modules:0.00227768260999
exploitable:0.00226569696569
bar:0.00225100625764
execution:0.00221232950207
dismal:0.00217253610152
localizable:0.00217253610152
locality:0.00213674323929
resulted:0.00208751836041
profound:0.00206487665388
16kb:0.00203344530722
barrier:0.00201848975948
vectorization:0.00187978150703
compiled:0.00185727133508
caches:0.00183054415207
secs:0.00179985615708
parallelizers:0.00175526420958
law:0.00171334882625
benchmarking:0.00170088579341
manually:0.00170049915841
kernels:0.00169192967458
normalized:0.00168193455094
com:0.00162871532698
measurements:0.001626895713
automatic:0.00161736462895
fluid:0.00161479180758
idiosyncrasies:0.00158642922816
sec:0.00157416689476
overhead:0.0015575305306
array:0.00155455072332
legality:0.00154608062107
delivered:0.00153885887409
improvement:0.00151898941595
commercial:0.00151856278342
undetermined:0.00151046464379
underscore:0.00151046464379
processor:0.00146600954077
multiprocessor:0.00143498013885
improvements:0.00143450172735
speedups:0.00141755337173
manufacturer:0.0013990757263
limitations:0.00139572341565
distributing:0.00139340756725
tuning:0.00139167890694
grand:0.00135563020481
findings:0.00134838908656
comprehensive:0.00134524226444
profiling:0.00131375156523
timers:0.00130017662774
dependences:0.00128766500656
msec:0.00128370729481
serially:0.00126807143657
velocity:0.00124501607062
branches:0.00123384903401
coherence:0.00122777522959
attributed:0.00122777522959
saturation:0.00121239388074
bandwidth:0.0012013818221
attainable:0.00118789539157
projection:0.001182082286
machines:0.00116313632007
optimized:0.00115934414005
iteration:0.00115109062181
coefficient:0.00114798411108
measured:0.00114567051316
emulate:0.00114400074824
statements:0.00113704326044
accesses:0.00112505014389
solvers:0.00112087651782
fractions:0.00111468899022
interference:0.00110276114816
mimd:0.00109655934802
symbolic:0.00109543568919
001kg:0.00108626805076
payback:0.00108626805076
90serial:0.00108626805076
2800161616161:0.00108626805076
privatarizing:0.00108626805076
8016161616:0.00108626805076
446741:0.00108626805076
miccg:0.00108626805076
969841serial:0.00108626805076
topped:0.00108626805076
280016161616135789:0.00108626805076
iteration24solve:0.00108626805076
challenge16040471611:0.00108626805076
ilucr:0.00108626805076
80161616161:0.00108626805076
5sec:0.00108626805076
byte:0.00108094452568
scalability:0.0010766850715
calculations:0.00107389702015
navier:0.00107117360114
powerful:0.00106521407826
body:0.00105867405445
bottleneck:0.00105587490088
transformations:0.00103814538923
stokes:0.001032902618
supplied:0.00101648438178
consuming:0.00100147980336
shared:0.000997870460163
80:0.000994779904014
codes:0.000989580138683
synchronization:0.000989580138683
40x40x40:0.000982004698875
prowess:0.000982004698875
excellently:0.000982004698875
indisputable:0.000982004698875
allt:0.000982004698875
experimental:0.000981244806148
hardly:0.000973759763022
sweep:0.000939581670884
incomplete:0.00092538677551
dynamics:0.000922155870791
cycled:0.000920969227657
1048576:0.000920969227657
attests:0.000920969227657
exposed:0.00090863081248
effectiveness:0.00090669391065
eliminate:0.000887678398553
bodies:0.00088488023416
planes:0.000880326724011
automatable:0.000877632104789
limi:0.000877632104789
neutralize:0.000877632104789
proc:0.00087583437682
noticeable:0.00087583437682
resisted:0.000843992651791
subcomputations:0.000843992651791
expert:0.000841905522478
corporation:0.000833929635462
targeted:0.000830010713749
boundary:0.000825403672929
unbalance:0.000816487153051
amortization:0.000816487153051
inflow:0.000816487153051
incorporated:0.000813447856501
converge:0.000808086462167
distribute:0.000793105132867
dimensional:0.000780759244526
exploited:0.000776835061593
yes:0.000776031671258
cfd code:0.0347658016365
our cfd:0.0238131156424
the sgi:0.0213917397224
sgi challenge:0.0175552800041
the alliant:0.015210038216
parafrase 2:0.015210038216
the cfd:0.015210038216
false sharing:0.0148752986029
architectural bottlenecks:0.0119065578212
alliant fx:0.0113827498812
m com:0.00952524625695
bus contention:0.00952000587324
execution time:0.0092778301047
the serial:0.00862456382295
dimensional hyperplane:0.00785721823987
parallelizing compilers:0.0075137361296
local variables:0.0074771568868
parallel loop:0.00734948873339
and polaris:0.00717808879719
parallel ppolaris:0.00714393469271
ns eq:0.00714393469271
solve ns:0.00714393469271
the alliants:0.00714393469271
the loop:0.00697449773307
maximum speedup:0.00687506595989
serial execution:0.00644775345212
four compilers:0.00595327891059
fx 2800:0.00595327891059
manual optimizations:0.00595327891059
serial parallel:0.0058929136799
in do:0.0058929136799
algorithmic changes:0.0058929136799
optimizations and:0.00579974818454
amdahl s:0.00538731862587
speedup of:0.00532006903886
parallel execution:0.00526896844822
fx 80:0.00512720628371
serial and:0.00512410281346
each machine:0.00507477966147
code on:0.00507304803748
the code:0.00499891226665
hyperplane with:0.00491076139992
parallelized by:0.00489965915559
do loops:0.00489965915559
set coefficient:0.00476262312847
com alg:0.00476262312847
experimental compilers:0.00476262312847
8 do:0.00460553818009
parallel loops:0.00458394422622
automatic parallelization:0.00453207493438
with projection:0.00448943218822
loops with:0.00446593802954
system set:0.00434572520456
avoid false:0.00434572520456
8 processors:0.00423355355274
3 dimensional:0.00423355355274
m all:0.00414870545188
was compiled:0.00414870545188
the parallel:0.00408380436316
the performance:0.0039295089274
of figure:0.00392773077823
solve system:0.00379424996042
on performance:0.00373552720168
and manual:0.00359154575058
component solve:0.00357196734636
the synergetic:0.00357196734636
experimental parallelizing:0.00357196734636
1 2000000:0.00357196734636
alg m:0.00357196734636
ppolaris m:0.00357196734636
com m:0.00357196734636
doacross local:0.00357196734636
c doacross:0.00357196734636
bus bandwidth:0.00351105600083
of parallelism:0.00346375519204
local variable:0.00341533460436
execution times:0.00337756577062
10 b:0.0033171399319
compiler optimizations:0.0032944319865
code tuning:0.00325929390342
bars labeled:0.00325929390342
hyperplane method:0.00325929390342
system solve:0.00325929390342
condition boundary:0.00325929390342
cfd application:0.00325929390342
s law:0.00325093006373
code was:0.00323006581006
parallelizing compiler:0.00321810359401
and parallel:0.00321568294411
local cache:0.00317333529108
and algorithmic:0.00313164181115
