rigidity:0.033959088691
correspondences:0.0234881205297
motion:0.0175184987521
kontsevich:0.0130299022774
rotation:0.0120198192267
camera:0.010841044162
mcreynolds:0.00953558506628
views:0.00875924937603
epipolar:0.00849244017803
estimator:0.00833975506931
frame:0.00826141739247
orthographic:0.00796748515268
3d:0.0076436715811
scene:0.00750331399876
lowe:0.00745265899449
image:0.00734475945269
rigid:0.00710991640034
residual:0.00696881738987
roc:0.00662335842409
projection:0.00634688194704
perspective:0.00588872353099
focal:0.00579453465649
checking:0.00568412713768
depths:0.00565713738643
nonlinear:0.00539494327593
correspondence:0.00537183527989
depth:0.00525968806321
nonrigid:0.00517662460104
trials:0.00512330499066
stabilization:0.00493244292696
disparity:0.00428606631222
images:0.00425312576498
horn:0.00419752350784
orthographically:0.0040103968122
jz:0.00399572953331
object:0.00387932647637
centered:0.00376147671196
levenberg:0.00372632949725
marquardt:0.00365855171535
variance:0.0035739438698
basri:0.00353245782618
stereo:0.00346816152775
verification:0.00345343299381
percent:0.00340704136832
projected:0.00310286116261
recognition:0.00302687437441
axis:0.00299726957255
translation:0.00293876434673
recovery:0.00291317620735
offset:0.00278222306582
monte:0.0026990008551
noise:0.00269488284624
noisy:0.00264822847015
pixels:0.00259295154181
carlo:0.00255375268639
pixel:0.00249938779199
nonreference:0.00248188614807
ullman:0.00237482219622
collinearity:0.00233186936896
shashua:0.00226540350902
matching:0.00212955960158
constraint:0.00207575824568
estimation:0.00195753762997
verifying:0.00194263529297
rotations:0.00193482867097
squares:0.00190464854892
coordinates:0.00189783650034
correction:0.00188967696532
huttenlocher:0.00186549549517
n2m:0.00186141461105
criterion:0.00184238835762
curve:0.00184222951431
pz:0.00181232280721
transformation:0.00174814625974
distortion:0.00173408076388
lengths:0.00173217145768
geometry:0.00172642169385
scenario:0.00170125030599
viewing:0.00166625852799
optical:0.00165934465282
knee:0.0016260229846
derivatives:0.00161961088789
coordinate:0.00158417341755
degrees:0.00157990143514
lego:0.00157816072699
bypassed:0.00157259796087
bennett:0.00152625117712
affine:0.00152527619888
corrections:0.00147497359085
angle:0.00146556318445
estimate:0.00146369804356
cz:0.0014462546814
nishimura:0.0014462546814
scaled:0.00144590332093
permutations:0.00142936214169
deviations:0.0014222954167
doorn:0.00139912162138
kleinberg:0.00139912162138
estimated:0.00139158529418
deviation:0.00138519894467
convergence:0.00138227973476
binocular:0.00132467168482
huang:0.00131848413961
false:0.0013149220158
outliers:0.00130689640023
vision:0.00130573340818
recovering:0.00128365653464
observations:0.00126740004983
plane:0.00126356510057
koenderink:0.00124210983242
receded:0.00124094307404
noisiest:0.00124094307404
estimable:0.00124094307404
measurements:0.00123903424256
gauss:0.00123193683659
weng:0.00121951723845
yielded:0.00120223183677
ambiguity:0.00119650369444
5000:0.00118831400649
threshold:0.00117054440397
weak:0.00115775050218
configurations:0.00113980258297
recovered:0.00113254541654
axes:0.00113254541654
gammae:0.00112888938829
5040:0.00112183353721
grzywacz:0.00112183353721
iekf:0.00112183353721
pose:0.00111294622469
bypassing:0.00108647524809
wei:0.00107591389785
newton:0.00107591389785
thompson:0.00107372293617
bar:0.00107147073532
hypothesized:0.00106155502225
frames:0.00105407749934
coplanarity:0.00105210715133
ill:0.00104982053629
rate:0.00104205158881
formulation:0.00100716706526
reliably:0.00100567751237
derivative:0.00100380751953
estimates:0.000983213218514
reference:0.000969831619092
cites:0.0009641697876
stabilizing:0.000963172617459
vertical:0.000957506284562
parameterized:0.000946400380089
scale:0.000943550694502
inches:0.000932747747585
variances:0.000932079628176
initializing:0.000924833048806
000:0.000918137897046
parameterization:0.000904183015749
six:0.000897211729915
novel:0.000894656921446
residuals:0.000878871956101
correspon:0.00086277076684
720:0.00086277076684
synthetic:0.000857176588253
approximately:0.000847918538702
matches:0.000845116297679
verifies:0.000844797326183
orthonormal:0.000829212287558
constancy:0.00082807322161
scalars:0.000819286212305
label:0.000815504798821
magnification:0.0008130114923
moving:0.000808698243402
organizing:0.000805027382164
estimating:0.000803279622737
contributes:0.000801049658408
harris:0.000799145906663
furthest:0.000799145906663
coplanar:0.000799145906663
projections:0.000797974029085
receiver:0.00079492087595
yuille:0.000786298980434
accommodates:0.000786298980434
scaling:0.00075942813656
batch:0.000746611041027
conditioning:0.000739162101957
handles:0.000738073071304
tsai:0.00073324796558
angles:0.000728337264253
alignment:0.000721339102063
sine:0.000715815290778
curves:0.000711162192868
segmentation:0.000711147708351
nine:0.000707828146044
formed:0.000707432498933
objects:0.000705845239588
contrasts:0.000699946346907
distortions:0.000692514056845
oe:0.000691608909534
interpretation:0.000690895634106
reliability:0.000690204752272
seven:0.000680751213296
jy:0.000678520627491
closest:0.00067609751219
rigidity checking:0.0310415591832
the rigidity:0.0221040586491
point correspondences:0.0180087291145
structure from:0.0116606162202
mcreynolds and:0.0115609099366
from motion:0.0113831379017
p mcreynolds:0.0105489215384
checking method:0.0105489215384
centered frame:0.0102008028853
perspective projection:0.0100343191036
g lowe:0.00995672653048
3d point:0.00886186421181
nonlinear estimator:0.00884069583389
horn s:0.00878534693866
the epipolar:0.00860927226417
the camera:0.00770007070952
residual error:0.00768150249858
object centered:0.00744629755653
positive rate:0.00744629755653
the image:0.00736290351388
motion and:0.00723418914842
the motion:0.00715663351713
epipolar constraint:0.00704313755528
of 3d:0.00702197460318
matching condition:0.00682577276015
kontsevich s:0.00680053525684
the nonlinear:0.00631507637011
focal lengths:0.00617061407564
corresponding points:0.00615337788813
rotation component:0.00612048173115
linear estimator:0.00612048173115
the object:0.00608881990515
and structure:0.00595005463918
d g:0.00591813442799
the rotation:0.00582622965181
checking of:0.00571177055423
d p:0.00560533705026
3d recovery:0.00558472316739
verification rate:0.00544042820547
correct verification:0.00544042820547
rigidity verification:0.00544042820547
scale factor:0.00538293795557
camera frame:0.00526098730477
variance of:0.00518198338434
the scene:0.00501569614513
rotation about:0.00501342631534
false positive:0.00498431552136
orthographic projection:0.00491201303312
axis v:0.00476037467979
global depth:0.00476037467979
nonrigid trials:0.00476037467979
global offset:0.00476037467979
stereo correspondence:0.00448771932773
1 pixel:0.00447166193377
under perspective:0.00441595130181
standard scenario:0.00434367357464
s residual:0.00434367357464
levenberg marquardt:0.00426522531659
weak perspective:0.00410268590976
image frame:0.00410268590976
camera centered:0.00409982857137
correspondences from:0.00409982857137
noisy observations:0.00409982857137
estimator s:0.00409982857137
rigidity assumption:0.0040803211541
positive criterion:0.0040803211541
potential rigidity:0.0040803211541
recovery equations:0.0040803211541
depth offset:0.0040803211541
depths positive:0.0040803211541
for rigidity:0.0040803211541
trials for:0.00392675441177
motion parameters:0.00388280170987
the depths:0.00385701019582
two views:0.00384075124929
object frame:0.00372314877826
of perspective:0.00368269111334
linear algorithm:0.00362495674281
correspondences under:0.00351413877546
full perspective:0.00351413877546
scaled orthographic:0.00351413877546
noise variance:0.00350939842074
scene structure:0.00350939842074
the global:0.00346855668767
the correspondences:0.00343840912319
initial estimate:0.00341400111048
intermediate camera:0.00340026762842
optical axis:0.00337488392134
of correspondences:0.0033657894958
