collocation:0.0602123651735
preconditioned:0.0200272644327
preconditioning:0.0195448348341
acol:0.0194814428713
mesh:0.0185605240976
hermite:0.0142431116621
gammal:0.0136632064032
eigenvalues:0.011698384364
af:0.0105483324851
acb:0.0104900076999
hrs5:0.00899143517138
dirichlet:0.00878620098214
adc:0.00847522628557
elliptic:0.0082090937342
boundary:0.00797086030335
bc:0.00671680267715
1d:0.00644404407259
separable:0.0063679957466
orthogonal:0.00629803998737
preconditioner:0.0061601968662
meshes:0.00601775095891
dyk87:0.00599429011426
pgcr:0.00599429011426
periodic:0.00597850920015
cubic:0.00549335630442
bgs:0.00541893969404
lu:0.00508465855998
gcr:0.00508213118579
russell:0.00491632079036
v5a:0.00449571758569
hlu5:0.00449571758569
1s6:0.00449571758569
factorization:0.00448885861452
2n:0.00437735451957
spectral:0.00431978690564
bicubic:0.00426582360415
differential:0.00423109320044
burnaby:0.00406420477053
bsor:0.00406420477053
eigenvalue:0.00385455862889
incomplete:0.00382988121332
iterative:0.00368238914316
circulant:0.00363534833138
smoothness:0.0035011790996
nonsymmetric:0.00335840133857
sun:0.00319877083418
huang:0.00318442344747
eigenvectors:0.00316825904853
eigen:0.00312863321038
matrices:0.00311035443322
chqz88:0.00299714505713
won87:0.00299714505713
sfu:0.00299714505713
hlu7:0.00299714505713
ce88:0.00299714505713
dyksen:0.00299714505713
bia91:0.00299714505713
2hd:0.00299714505713
ors80:0.00299714505713
acolb:0.00299714505713
hrs7:0.00299714505713
fraser:0.00294539704502
fx:0.00291328667717
alternating:0.00286262505182
gammaz:0.00280526088714
uniform:0.0027300573032
mp90:0.00270946984702
gammaa:0.00253578199248
gauss:0.00238031444165
sin:0.00235693068176
0c:0.00232867790119
poisson:0.00229010004146
unknowns:0.00229010004146
moderately:0.00228764426964
pdes:0.00226915499412
equa:0.00221662323247
eigensystem:0.00213291180208
equations:0.00209246188928
conjugate:0.00208751232819
sigma0:0.00208377740557
col:0.00208024858114
convergence:0.0020544637313
pde:0.0020533989554
matrix:0.00204863711096
preconditionings:0.00199997535344
ac:0.00198634326638
pi:0.00194219111812
subspaces:0.00190095542912
steep:0.00189908155494
centred:0.00189908155494
discretization:0.00187675321712
tensor:0.00186018436382
hayes:0.00181767416569
approximations:0.00180466685318
simon:0.00179417305502
gamma1:0.00178444755743
dimensional:0.00176253486171
numerical:0.00175382752133
adi:0.00170925615869
richardson:0.00169052132832
nonsmooth:0.00165534034347
equivalence:0.00162022885358
smooth:0.00161499234872
tolerances:0.00157821827934
conventional:0.00150388904431
prenter:0.00149857252856
sz89:0.00149857252856
shr93:0.00149857252856
ben91:0.00149857252856
399e3:0.00149857252856
dav79:0.00149857252856
wsun:0.00149857252856
hay80:0.00149857252856
bialecki:0.00149857252856
eva83:0.00149857252856
predominated:0.00149857252856
a8781:0.00149857252856
jmpw92:0.00149857252856
hrs7acol:0.00149857252856
pinder:0.00149857252856
ees83:0.00149857252856
pr76:0.00149857252856
ds73:0.00149857252856
rs72:0.00149857252856
583e3:0.00149857252856
hpc81:0.00149857252856
2cc:0.00149857252856
gammaasin:0.00149857252856
rdr:0.00149857252856
conditionings:0.00149857252856
cosk:0.00149857252856
cp91:0.00149857252856
rs5:0.00149857252856
bfb92:0.00149857252856
extreme:0.00145731188078
sor:0.00143501725639
omega:0.00139209021474
spacing:0.00138683238742
rectangular:0.00138672506181
spline:0.0013777926369
letting:0.0013714565707
canada:0.00136518570127
imaginary:0.00136024511434
ellpack:0.00135473492351
celia:0.00135473492351
whuang:0.00135473492351
implementationand:0.00135473492351
boundness:0.00135473492351
approximation:0.00135180236878
fv:0.00134336053543
factorizations:0.00133515096218
seidel:0.00132708877454
acceleration:0.00132708877454
fft:0.00132708877454
sink:0.00131138517652
laplacian:0.00130373378784
diagonal:0.00129618308286
ukans:0.00127053279645
skew:0.00126035529658
solving:0.00125493591486
constants:0.00124140048851
norm:0.00123874380208
66045:0.00121074661222
imsl:0.00121074661222
milu:0.00121074661222
dx:0.00119611537001
mathematics:0.00119144266825
inexpensive:0.00119015722083
invariant:0.00118371948
gradient:0.00117980098563
gaussian:0.00117189184801
prescribed:0.00115592574991
2c:0.00113442001578
1l:0.00112639345016
manteuffel:0.00112639345016
nonseparable:0.00112639345016
department:0.00107632979078
norms:0.00107058266423
iterations:0.0010600606736
symmetric:0.00105385306018
spacings:0.00104188870278
row:0.00102178357641
zeroth:0.0010198965435
five:0.00101042608419
gained:0.00100609339291
kansas:0.000999987676719
scrutiny:0.000999987676719
statistics:0.000975289624717
arranging:0.000965054825718
lemma:0.000953821560212
slowly:0.000952658297778
eigenfunctions:0.00094954077747
disadvantage:0.000949050111292
theoretically:0.000938376608558
subspace:0.000931382929661
helmholtz:0.000921556408823
supplemented:0.000921556408823
divergent:0.000921556408823
gammae:0.000908837082844
ratios:0.000907628048124
finite difference:0.0226872937798
the collocation:0.0210589089889
boundary conditions:0.0186647783568
condition numbers:0.0180035102519
collocation equations:0.0164877156657
orthogonal collocation:0.0164267542488
difference preconditioning:0.014784078824
periodic boundary:0.0133194658809
1d mesh:0.0131414033991
hermite cubic:0.0131414033991
the preconditioned:0.0118987865805
cubic collocation:0.0114987279742
acb gamma1:0.0114987279742
uniform mesh:0.011339006902
preconditioned matrices:0.0113179118762
preconditioned collocation:0.00985605254931
sun w:0.00985605254931
w sun:0.00985605254931
d russell:0.00985605254931
preconditioning for:0.00960009317841
incomplete lu:0.00948628391498
eigenvalues of:0.00901627956461
w huang:0.00899329945402
d l:0.00892736271695
difference approximation:0.00847698353755
conventional iterative:0.00821337712442
sum equivalence:0.00821337712442
gammal d:0.00821337712442
of acol:0.00821337712442
collocation systems:0.00821337712442
orthogonal hermite:0.00821337712442
gamma1 c:0.00815206255104
collocation methods:0.00762477737101
dirichlet boundary:0.00753908735888
iterative methods:0.00753523694636
l d:0.00745057602654
lu factorization:0.0072235134076
elliptic partial:0.00714075606071
alternating direction:0.00707369492262
the eigenvalues:0.00698174544886
boundary value:0.00691682683214
differential equations:0.00691449570877
huang and:0.00665973294045
z gammal:0.00657070169954
collocation matrices:0.00657070169954
hermite bicubic:0.00657070169954
acol and:0.00657070169954
collocation system:0.00657070169954
direction collocation:0.00657070169954
separable elliptic:0.00657070169954
collocation matrix:0.00657070169954
mesh 2:0.00654337011109
row sum:0.00654337011109
condition number:0.00652424528478
partial differential:0.00634753194908
with periodic:0.00632418927665
numbers of:0.00603274074787
for solving:0.00601038786899
for collocation:0.00599553296935
value problems:0.00595048583831
of mesh:0.00594541591513
of eigenvalues:0.00579152952013
z l:0.00574412397254
for 1d:0.00572371678972
l sin:0.00565895593809
l gammal:0.00565895593809
collocation approximation:0.00565895593809
model problem:0.00561168505891
with dirichlet:0.00547257231672
collocation points:0.00542006325608
collocation and:0.00542006325608
mesh 3:0.00542006325608
order finite:0.0054006698661
for boundary:0.00533338509911
the preconditioning:0.00527015773054
spectral condition:0.00523469608887
collocation method:0.00523469608887
difference matrix:0.00523469608887
a uniform:0.00507213728729
two dimensional:0.00499153878148
1s6 canada:0.00492802627465
statistics simon:0.00492802627465
solving orthogonal:0.00492802627465
c v5a:0.00492802627465
mesh fx:0.00492802627465
meshes 1:0.00492802627465
gaussian points:0.00492802627465
mathematics statistics:0.00492802627465
ac bc:0.00492802627465
pi col:0.00492802627465
burnaby b:0.00492802627465
of acb:0.00492802627465
russell table:0.00492802627465
ffl 1d:0.00492802627465
d gammal:0.00492802627465
equivalence version:0.00492802627465
