consistency:0.0267079146521
looseness:0.0140349214794
queens:0.0136358143432
constraint:0.0122010138688
tightness:0.0107595365831
instantiation:0.00957933110852
relations:0.00914406256236
backtrack:0.00810077681967
consistent:0.00733788124184
dechter:0.00725281876352
arity:0.00664359711965
loose:0.00654189246847
backtracking:0.00572742479481
globally:0.00572078641626
relational:0.00572023070055
relationally:0.00543961407264
network:0.00536238274776
networks:0.0052941420507
satisfaction:0.00438597379127
tight:0.00432158517743
nadel:0.00413848973998
enforcing:0.00413172155903
domains:0.00408993676311
strongly:0.00400714774881
restrictiveness:0.00331079179198
preprocessing:0.00326870325746
queen:0.00311067208814
constrain:0.00295654383571
hardest:0.00289867715034
colorability:0.0025723705508
constrains:0.0024674215369
preprocess:0.00241556429195
arc:0.00236779325947
coloring:0.002347722718
inherent:0.00231838986687
queries:0.00225024706205
confused:0.00207229595983
chess:0.00203599180956
binomial:0.00198148707488
constrained:0.00191983566274
dead:0.00188846020828
fx:0.00187725869237
strong:0.00185825120456
board:0.00184359063475
enforced:0.00182099553223
extension:0.00180761173352
explanatory:0.00179264610129
inherently:0.00175883429249
constraints:0.00170790669142
attack:0.00168561883396
kondrak:0.00165539589599
relation:0.00161254794886
deciding:0.00148758328073
ary:0.00147827191786
yuanlin:0.00140349214794
characterizing:0.00138368408611
fruitless:0.00133744942921
gammam:0.00126352140563
formulated:0.00124787786057
yap:0.00124426883525
instantiations:0.0012433775759
mackworth:0.00117805891152
bed:0.00117805891152
empirical:0.00112371551689
extensions:0.00110831332852
characterising:0.00110463488722
pi:0.00107271925278
tency:0.00106604636576
underestimates:0.00106604636576
consis:0.00106604636576
amortized:0.00105578954266
binary:0.0010511621717
rth:0.00104890879563
answered:0.00103851695507
roland:0.00103294241047
complementary:0.00102885075628
satisfies:0.0010275735649
3e:0.00100394552041
tuple:0.000989769229698
inexpensive:0.000986029041664
ends:0.000983313199607
directional:0.000948658340966
jd:0.000923801382677
dd:0.000914284613796
reasoning:0.000909498386717
manner:0.000897751253429
base:0.000872960529551
estimating:0.000857248535334
ng:0.000848691461069
contradicts:0.000830210451663
bn:0.000828918383931
crossword:0.000827697947996
networkconstraint:0.000827697947996
rs2:0.000827697947996
ladkin:0.000827697947996
loosenessand:0.000827697947996
fx2g:0.000827697947996
schaerf:0.000827697947996
meisels:0.000827697947996
backjump:0.000827697947996
enforce:0.00082691292225
queried:0.000810077681967
tuples:0.000807662671341
characterize:0.000799639774417
repair:0.000787035370142
observes:0.000781599661135
minimality:0.000776282134432
synthesizing:0.000771077588731
inconsistencies:0.000771077588731
inconsistency:0.00076598115834
informally:0.000754714189605
timetabling:0.000748252950654
backjumping:0.000748252950654
1091:0.000748252950654
1524:0.000748252950654
ordering:0.000746611796203
dn:0.000728608782502
guarantees:0.000726014352901
jacm:0.000724309834157
rs:0.000720083786645
s2:0.000715928099351
satisfiability:0.000711840361946
1514:0.000701746073971
hogg:0.000701746073971
propositional:0.000699962521186
participate:0.000696124793989
universal:0.000692936494059
search:0.000686641269138
satisfied:0.000681847528904
cartesian:0.000681332094095
s1:0.000681332094095
vs:0.000679768614371
freuder:0.000668724714607
cnfs:0.000668724714607
degenerating:0.000668724714607
tractably:0.000668724714607
possess:0.000663977195558
hard:0.0006609107451
trivially:0.000660494835412
database:0.000649555488911
sufficient:0.000647910972567
erratum:0.000643092637699
puzzles:0.000643092637699
liberatore:0.000643092637699
sistency:0.000643092637699
colors:0.000641502318765
difficulty:0.000641143639809
fr:0.000638445822939
enhancement:0.000635424974124
lemma:0.000632182533519
loosely:0.000629486736093
2c:0.000626567684467
dxe:0.000622134417627
usefully:0.000622134417627
beek:0.000622134417627
tre:0.000622134417627
deep:0.000620825779438
fewer:0.0006201125268
predicts:0.000618001433505
tractable:0.000615207206289
ensure:0.000614235776253
waltz:0.000604401563626
cutset:0.000604401563626
fbg:0.000604401563626
1125:0.000604401563626
contradiction:0.000595809842703
puzzle:0.00058902945576
pitfall:0.00058902945576
tsang:0.00058902945576
relationships:0.000586144454562
amnon:0.000575460396408
counter:0.000571060592311
identifying:0.000563685023143
971:0.000563313593523
selman:0.000563313593523
query:0.000558222751129
ftrue:0.00055231744361
kautz:0.00055231744361
rem:0.00055231744361
aaai:0.00055231744361
empirically:0.0005512752815
usefulness:0.000549094406411
free:0.000545147359988
falseg:0.000542271404671
tighten:0.000542271404671
972:0.000542271404671
inequality:0.000541103708942
formulation:0.000537417150325
verified:0.000536935011884
conjunction:0.00053347001258
moshe:0.000533023182879
theo:0.000533023182879
vardi:0.000533023182879
erwise:0.000524454397815
476:0.000524454397815
domain:0.000520244856072
overestimates:0.000516471205234
pearl:0.000516471205234
greatest:0.000516350168748
ensures:0.000512035893989
local consistency:0.0468160902343
constraint network:0.0321542664303
constraint networks:0.0198398665208
l relations:0.0173836472499
globally consistent:0.0161420078818
the variables:0.0136260308049
backtrack free:0.0127217567396
n queens:0.0126328757335
a constraint:0.0108340583425
an instantiation:0.010359473244
global consistency:0.0102906604331
the constraints:0.00994673547351
of local:0.00973681078305
level of:0.00922714876815
the network:0.00912442069761
instantiation a:0.00910571998806
m tight:0.00907205264424
network is:0.00869878470255
a backtrack:0.00867294374325
free manner:0.0084219171557
k consistent:0.00827792726187
k consistency:0.00823172494918
the constraint:0.00778838030296
instantiation of:0.00769452336685
networks are:0.00755114045922
the relations:0.0074031122306
the domains:0.00734320232992
m loose:0.00725764211539
constraint looseness:0.00725764211539
to x:0.00725686506762
constraint relation:0.00722745311938
relational consistency:0.00703189912988
tightness and:0.00703189912988
constraint satisfaction:0.00702842336276
is consistent:0.00690479119373
relations that:0.00681868787779
consistent with:0.00677664025764
variable based:0.00673504768569
queens problem:0.00673504768569
x k:0.00663210463183
variables in:0.0065898873866
consistent for:0.00656181697942
based local:0.00650470780744
is strongly:0.0063641111842
dechter s:0.00635043685097
relational m:0.00635043685097
is globally:0.00633078920468
constraint tightness:0.00625057700433
the level:0.00593043683182
a to:0.00592950805121
domains of:0.00552233264217
of strong:0.00552233264217
of arity:0.00551698591065
strongly k:0.00546925487879
m consistency:0.00544323158655
4 consistent:0.00544323158655
relations which:0.00544023695298
consistency algorithm:0.00535041031249
backtracking search:0.0052383704222
path consistency:0.00505921718356
relation based:0.00496675635712
strong consistency:0.00496675635712
consistency in:0.00495401091127
constrained by:0.00493034127835
consistency conditions:0.00491278500749
of variables:0.00491097651431
knowledge base:0.00486109365929
network with:0.00485338755729
a network:0.00485024282667
that satisfies:0.00483501888712
x that:0.00476493709085
an extension:0.00468637645978
variables that:0.00464072457775
inherent level:0.00453602632212
backtracking algorithms:0.00453602632212
confused n:0.00453602632212
which constrain:0.00449003179046
any instantiation:0.00449003179046
extension of:0.00446404878434
arity at:0.00433647187163
of inherent:0.00433647187163
the l:0.00427798574537
consistency is:0.00422976600932
the networks:0.0041961156171
r gamma:0.00417965926927
network r:0.00413896363094
and looseness:0.00413896363094
ensure global:0.00413896363094
attack each:0.00413896363094
m 1:0.00412684259188
with domains:0.00410479996983
constraints are:0.00403550294771
