shape:0.0181274020816
factorization:0.0175288576831
motion:0.0155173649218
frame:0.0126840440188
camera:0.0118890253701
yaw:0.0108872196955
singular:0.0106570518382
sequential:0.0101215081391
eigenvectors:0.00978247695977
recovered:0.00794896786029
pitch:0.00764264600125
roll:0.00710303398291
satellite:0.00698254445584
frames:0.00601105949859
errors:0.00542356551791
dominant:0.00524231976399
house:0.00515807592906
orthogonal:0.005117407095
image:0.00509795068625
images:0.00497521769958
deg:0.00488667665152
tomasi:0.00473086511881
kanade:0.00455674770876
dist:0.00449787651379
matrix:0.0042870870501
rank:0.00402925102119
orthographic:0.0039716751743
solar:0.00387393318269
coordinates:0.00384239337329
subspace:0.00380618611391
tracked:0.00380342149471
stationary:0.00372270730347
span:0.00340868129494
paraperspective:0.00329855515288
projection:0.00325806979466
squares:0.00303820649554
orthonormal:0.00303123505345
eigenvector:0.00292602302392
fp:0.0029166928307
feature:0.0028958324079
eigendecomposition:0.00283851907129
noise:0.00278154500722
vectors:0.00277502617314
batch:0.00272928126224
poelman:0.00272180492387
panel:0.00270462596678
dotted:0.00269779335497
recovery:0.00263100097386
decomposition:0.00256716664095
sun4:0.00246055770746
astronaut:0.00246055770746
plotted:0.00243704790151
matrices:0.00242109774944
iteration:0.00235982245322
metric:0.0023314606755
positions:0.00229555498187
measurement:0.00223199908196
features:0.00217571836875
convergence:0.00209894101464
shuttle:0.0020458290676
normalization:0.0019698773513
accuracy:0.00192968841399
solid:0.00190870294187
synthetic:0.00188007613512
1p:0.00185240245701
overdetermined:0.00185240245701
764:0.00185240245701
3d:0.0018222977015
tracker:0.00178320724714
recovering:0.0016892939328
submatrix:0.00167157394446
vision:0.00163652107775
opaque:0.00160825904499
intrinsic:0.00153114430279
estimates:0.00150956175569
transformation:0.00150036724602
logarithmically:0.00145976496477
affine:0.00143376126774
gaussian:0.00141897747861
4roll:0.00136090246193
frame261014:0.00136090246193
4pitch:0.00136090246193
54p:0.00136090246193
41c:0.00136090246193
4yaw:0.00136090246193
fp2:0.00136090246193
delopoulos:0.00136090246193
120th:0.00136090246193
frame515rotation:0.00136090246193
tyrone:0.00136090246193
diagonaliz:0.00136090246193
frame103050rotation:0.00136090246193
xirouhakis:0.00136090246193
applicability:0.00128791450738
recovers:0.00128510757537
transforms:0.00127347582093
stereo:0.0012678071649
perspective:0.00126009252607
aguiar:0.00123027885373
decompo:0.00123027885373
60th:0.00123027885373
hoff:0.00123027885373
xiaolong:0.00123027885373
orthog:0.00123027885373
qr:0.0012199494019
video:0.0012054270987
covariance:0.00120517248651
tracking:0.00118832877688
spaces:0.00116950981171
dashed:0.0011593465721
90th:0.00115381216304
recorder:0.00115381216304
suter:0.00115381216304
satisfac:0.00115381216304
iteratively:0.00114726976044
recording:0.00110289426737
raphy:0.00109951838429
maneuvering:0.00109951838429
1188:0.00109951838429
pui:0.00109951838429
1049:0.00109951838429
koichi:0.00109951838429
varied:0.0010933786209
1134:0.00105737407712
kuen:0.00105737407712
conrad:0.00105737407712
harada:0.00105737407712
anastasios:0.00105737407712
decomposi:0.0010229145338
diffi:0.0010229145338
converge:0.00101238994837
converges:0.00101238994837
4th:0.0010115248004
estimation:0.00101024410554
experiment:0.00100162472948
collected:0.000999124807499
1177:0.000993758143206
chai:0.000993758143206
ms:0.000989258175619
updating:0.00098284779646
rescue:0.000968483295671
subpixel:0.000968483295671
3f:0.000968483295671
flights:0.000968483295671
moura:0.000968483295671
yiannis:0.000968483295671
filled:0.000955840845157
mates:0.000946173023762
intelligence:0.000945069394554
120:0.000936173848652
object:0.000930635322833
bx:0.000926201228507
folds:0.000908121338948
tory:0.000908121338948
ritz:0.000908121338948
cessed:0.000908121338948
store:0.000907337540966
3rd:0.000906407814123
transform:0.000901884933217
series:0.000893730612642
f1:0.000885306949233
reality:0.000885306949233
streams:0.000875112520037
inertial:0.000862308868696
teleoperators:0.000862308868696
sequentially:0.00085537880501
structural:0.000854708911701
ground:0.000852170323735
sition:0.000849182889028
needless:0.000849182889028
pei:0.000849182889028
beginning:0.000843456348416
dominated:0.000830309550332
digitized:0.000825344519511
produces:0.000819958964664
factorize:0.000814446108587
esti:0.000814446108587
30th:0.000814446108587
rows:0.000808856990798
gl:0.000804129522493
columns:0.000801299783582
symmetric:0.000797531871599
focal:0.00079433503486
487:0.00079433503486
held:0.00079221918459
walking:0.000785011667249
492:0.000785011667249
incorporating:0.000783843947033
fea:0.000776115560008
factorized:0.000776115560008
474:0.000776115560008
madison:0.000776115560008
pace:0.000767608705555
addi:0.000767608705555
distortions:0.000759457951459
477:0.000759457951459
robustly:0.000751634207162
uncorrelated:0.000751634207162
399:0.000744111806373
superimposed:0.000744111806373
shape space:0.0372934643863
factorization method:0.0347880839738
original method:0.0247485972197
sequential method:0.0244101744163
sequential factorization:0.0238678172072
the sequential:0.0171249787594
orthogonal iteration:0.01640912433
dominant eigenvectors:0.0134256471791
the shape:0.0131291503822
metric transformation:0.0119339086036
singular value:0.0111089372323
range range:0.0108892696333
camera coordinates:0.0104421700282
the singular:0.00998079208638
and motion:0.00959185033173
the factorization:0.00958108753684
value decomposition:0.00953381518774
feature positions:0.009507414512
the motion:0.00927639159009
the camera:0.00921303884897
at frame:0.00899948989808
power method:0.00899322215336
roll pitch:0.0089504314527
true shape:0.0089504314527
original factorization:0.0089504314527
the recovered:0.00861463892335
shape and:0.00818677105441
the feature:0.00771463535077
errors given:0.00770847613145
sequential original:0.00745869287725
measurement matrix:0.00738306300623
recovered shape:0.00738306300623
image sequence:0.00695510196938
recovered motion:0.0068057935208
features on:0.00670027471816
space computation:0.00642373010954
and kanade:0.00634543901073
eigenvectors of:0.00631812822885
each frame:0.00618811452267
the satellite:0.00615255250519
tomasi and:0.00615255250519
solar panel:0.0059669543018
batch type:0.0059669543018
stationary basis:0.0059669543018
rank theory:0.0059669543018
camera roll:0.0059669543018
three dominant:0.0059669543018
and yaw:0.0059669543018
sequential shape:0.0059669543018
the rank:0.00580407406842
real images:0.00535062901344
the solar:0.00513898408763
singular vectors:0.00511553568401
of frames:0.00505859911454
the eigenvectors:0.00498713969653
vector time:0.00492204200415
the original:0.00489296793676
shape are:0.004753707256
the method:0.00465001117228
side view:0.00461611765021
plotted with:0.00461611765021
most three:0.00458560132888
motion and:0.00453389480481
dominant eigenvector:0.00447521572635
error deg:0.00447521572635
kanade 1:0.00447521572635
deg sequential:0.00447521572635
dist range:0.00447521572635
shape errors:0.00447521572635
yaw figure:0.00447521572635
an matrix:0.00447521572635
by tomasi:0.00447521572635
sequential metric:0.00447521572635
pitch yaw:0.00447521572635
pitch and:0.00447521572635
f range:0.00447521572635
deg roll:0.00447521572635
intrinsic errors:0.00447521572635
the errors:0.0043380459322
orthographic projection:0.00430991917423
method is:0.00425283239269
feature vectors:0.00423029267382
of shape:0.00421549926212
time series:0.00421549926212
rank of:0.0042079829186
frame by:0.00415823552278
a f:0.00415676156743
the matrix:0.00413520856724
tracked features:0.00408347611248
subspace distance:0.00408347611248
range q:0.00408347611248
o fp:0.00408347611248
of feature:0.00404685707026
right singular:0.0040318699519
coordinates and:0.00399660430489
errors are:0.00399654592787
a sequential:0.0039849902466
