psitc:0.026041476505
newton:0.0162563768609
timestep:0.0147707113459
jacobian:0.0103776812383
krylov:0.00927583713945
ffi:0.00871720896588
midrange:0.00823967739501
nonlinear:0.00754760856242
steady:0.00740081576861
fffi:0.0073122722548
inexact:0.00680958538824
ser:0.00615495104249
continuation:0.00598565533176
keyes:0.00588548385358
convergence:0.00580149178303
ode:0.00575314251937
transient:0.00549782231304
euler:0.00458529762202
pseudo:0.0045641119816
defect:0.00445539537618
timesteps:0.00434432686644
iterate:0.00413274613443
ptc:0.00390622147575
tte:0.00390622147575
terminal:0.00381954250205
residual:0.00374980101462
echet:0.00362108869036
chord:0.0035446548457
dae:0.00341224672075
truncation:0.0033979932022
unstructured:0.00326743771094
discretization:0.00326133195942
schwarz:0.0031858872813
stagnate:0.00315596631342
iteration:0.00313585116262
phase:0.00297510764052
lipschitz:0.00297358206077
corrector:0.00297026358412
jjf:0.00293608897887
phases:0.00292718390272
kaushik:0.00277985407057
solver:0.00277027594405
differential:0.00275722175778
correction:0.00264368711851
switchover:0.0026041476505
navier:0.00256796120879
fx:0.00253128510999
cfd:0.00251553916387
stokes:0.00247621286845
jacobians:0.00243742408493
preconditioning:0.0024260056412
kf:0.0024021549619
preconditioner:0.00237886564862
airfoil:0.00220787111313
icase:0.00210397754228
gropp:0.00210397754228
globalization:0.00210397754228
aerodynamic:0.00202333252798
8205:0.00202333252798
fr:0.0020087124703
kelley:0.0019016005968
superlinear:0.00189744890427
norm:0.00188355100454
residuals:0.00184433306206
inviscid:0.00181054434518
inexactly:0.00181054434518
solvers:0.00179141047696
pde:0.00178414923646
trajectory:0.00176171997082
landing:0.00170612336037
dinesh:0.00170612336037
cfl:0.00167702610924
upwind:0.00167702610924
iterations:0.00165791045408
ball:0.00160773266656
sufficiently:0.00159976992315
equations:0.00159082882468
outset:0.00157933360506
risks:0.00155847900894
nonsingular:0.00152104538693
grid:0.00147791336219
dynamics:0.00147381059561
cell:0.0014534359604
discretized:0.00140132598673
economical:0.00139666273286
temporal:0.00138966773272
physics:0.00138934212472
conditioned:0.00133805985092
cdrom:0.00131440966518
incompressible:0.00130399372573
23681:0.00130207382525
subiteration:0.00130207382525
curfman:0.00130207382525
mcinnes:0.00130207382525
subiterations:0.00130207382525
132c:0.00130207382525
pernice:0.00130207382525
shamanskii:0.00130207382525
9527169:0.00130207382525
23519:0.00130207382525
vode:0.00130207382525
lsode:0.00130207382525
globalized:0.00130207382525
mcmullan:0.00130207382525
19480:0.00130207382525
polyalgorithmic:0.00130207382525
equilibrates:0.00130207382525
momentary:0.00130207382525
stumbles:0.00130207382525
tidriri:0.00130207382525
algebraic:0.00129823220443
nasa:0.0012839806044
updating:0.00125381544063
stability:0.00125381544063
volumes:0.0012130028206
max:0.0011914417494
radius:0.00118292445177
item:0.00118292445177
numerically:0.00118292445177
ffl:0.00118264001103
integrals:0.00118188444373
polished:0.00117709677072
logan:0.00117709677072
odu:0.00117709677072
shadid:0.00117709677072
nondimensionalized:0.00117709677072
fallen:0.00117709677072
misled:0.00117709677072
nagi:0.00117709677072
refactor:0.00117709677072
3and:0.00117709677072
nas1:0.00117709677072
howle:0.00117709677072
ivp:0.00117709677072
retreats:0.00117709677072
mcrae:0.00117709677072
1692:0.00117709677072
subsonic:0.00117709677072
trust:0.00116721383698
preconditioned:0.00116008073515
quadratic:0.00115953740089
inf:0.00115307569315
diagonal:0.0011262224769
root:0.00112549049873
reevaluate:0.00110393555657
hampton:0.00110393555657
multicomponent:0.00110393555657
3is:0.00110393555657
grind:0.00110393555657
tuminaro:0.00110393555657
knoll:0.00110393555657
9321938:0.00110393555657
0162:0.00110393555657
coffey:0.00110393555657
mesh:0.00107511969557
attack:0.00106067686569
minima:0.00105521872268
termination:0.00105325661114
gamma1and:0.00105198877114
practiced:0.00105198877114
homer:0.00105198877114
reassuring:0.00105198877114
nance:0.00105198877114
numerics:0.00105198877114
dassl:0.00105198877114
lois:0.00105198877114
unprotected:0.00105198877114
norfolk:0.00105198877114
076:0.00105198877114
inversion:0.00103409914144
predictor:0.00102898782645
switched:0.00101895502711
elliptic:0.00101895502711
blocksize:0.00101166626399
rosenbrock:0.00101166626399
kek:0.00101166626399
27695:0.00101166626399
exogenous:0.00101166626399
heats:0.00101166626399
thoughtful:0.00101166626399
chords:0.00101166626399
fig:0.00100672716571
matrix:0.00100609361689
iterative:0.000999856201966
dominion:0.000978696326289
ncsu:0.000978696326289
exhaustion:0.000978696326289
transonic:0.000978696326289
019:0.000978696326289
glitches:0.000978696326289
organizers:0.000978696326289
diffusive:0.000978696326289
policy:0.00097183311755
numerical:0.00096972831642
fluid:0.000967798944476
accurate:0.000966003779432
update:0.000964593172072
hybrid:0.000955934974322
everywhere:0.000954885625512
residence:0.000950800298399
let assumption:0.0117730882202
fffi n:0.0117207755179
transient continuation:0.00999069807594
pseudo transient:0.00999069807594
1 hold:0.00974955686977
n g:0.00955938363489
steady state:0.00919178123774
let fffi:0.00856345549366
assumption 1:0.00838664110838
hold let:0.00824715573207
ffi max:0.0078138503453
defect correction:0.0078138503453
terminal phase:0.0078138503453
assumption 2:0.00748619435765
newton krylov:0.00737519667342
the psitc:0.00713621291138
the midrange:0.00713621291138
fx n:0.0070638529321
the newton:0.00680058122885
inexact newton:0.00631306970712
of psitc:0.00570897032911
pseudo timestep:0.00570897032911
temporal truncation:0.00570897032911
ffi n:0.00570582949744
state solution:0.00568522321127
the timestep:0.00552067214021
in x:0.00539738664911
the jacobian:0.00525848925149
initial phase:0.00489436318101
the steady:0.0047580474801
ffl 3:0.00475485791453
the iteration:0.00474933968065
ffl 1:0.0047071255402
the nonlinear:0.00463875408019
nonlinear equations:0.00461704488217
to steady:0.00454817856902
initial iterate:0.00430519643746
physical transient:0.00428172774683
e keyes:0.00428172774683
midrange phase:0.00428172774683
every timestep:0.00428172774683
residual norm:0.00426607678652
g be:0.00424347177686
f 0:0.00424347177686
1 8:0.00416830932672
1 6:0.00415524610748
krylov methods:0.00412357786603
fr echet:0.00412357786603
of newton:0.00409397161907
truncation error:0.00404739405344
the terminal:0.00397626537685
kf x:0.00390692517265
radius ffl:0.00390692517265
krylov schwarz:0.00390692517265
hold assume:0.00390692517265
solution of:0.00390091549992
differential algebraic:0.0038575502278
the ode:0.00380388633163
newton step:0.00380388633163
are ffl:0.0037781006827
1 1:0.00371460114863
a newton:0.0037071398066
true jacobian:0.00368759833671
the solution:0.00364314931883
linear convergence:0.00362174102124
newton s:0.00361489150729
if ffi:0.00358251782896
f x:0.00349731185545
by 1:0.00346952859565
time step:0.00345985025132
the chord:0.00341113392676
the residual:0.00340889322664
be given:0.00340196266309
newton method:0.00330072758819
convergence of:0.00329168120076
order discretization:0.0032288973281
x 2:0.00319836229764
item 1:0.00315653485356
unstructured grid:0.00315653485356
iterate is:0.00315653485356
stokes equations:0.00313808369347
ffi is:0.00312881592121
navier stokes:0.00307802992144
17 25:0.00303554554008
an accurate:0.00302297786978
sufficiently small:0.00301300641188
the euler:0.00298762997206
6 or:0.00295433957312
small and:0.0029507120868
ffi 0:0.00292247358022
lemma 2:0.00290867227524
an unstructured:0.00289316267085
stagnate at:0.00285448516455
euler code:0.00285448516455
control volumes:0.00285448516455
state residual:0.00285448516455
pde structure:0.00285448516455
psitc as:0.00285448516455
timestep ffi:0.00285448516455
k kaushik:0.00285448516455
ode dae:0.00285448516455
switched evolution:0.00285448516455
four element:0.00285448516455
d gropp:0.00285448516455
