cache:0.0221101629277
misses:0.021421319902
sparse:0.0189094066393
ls:0.0142141641152
interferences:0.0138522277651
nnz:0.0113054279496
transposition:0.0109339723963
accesses:0.00940874281079
hit:0.00923168590697
banded:0.00670582546179
rt2:0.00656996824603
associativities:0.00645327714797
rt:0.00620451901802
interference:0.00597256366971
matrix:0.0059240584745
accessed:0.00588233172539
dot:0.00580072150146
pn:0.00535548827972
caches:0.00524871664455
ct:0.00519874563066
probability:0.00463474471899
cs:0.00455830848809
cross:0.00438007697036
vectors:0.00423407698742
20k:0.00403329821748
matrices:0.00384797957208
harwell:0.00351360400164
miss:0.00345845000328
boeing:0.00344048333343
access:0.0033543036113
mapped:0.00324846953395
lines:0.00315513550718
pg:0.00311924737839
theta20k:0.00311465483748
8kw:0.00311465483748
rt4:0.00311465483748
associative:0.00306303543986
area:0.00299141418229
band:0.00290458574942
lru:0.00281074447951
entries:0.00268254823324
product:0.00259155804032
row:0.0025484277325
calculated:0.00244926097235
1000:0.0023017819795
zapata:0.00221653738329
accessing:0.00219281482866
sg:0.00218679447926
10k:0.00211976774055
self:0.00210008420083
competes:0.00207838886363
2kw:0.00207643655832
125k:0.00207643655832
theta5k:0.00207643655832
16kw:0.00207643655832
bandwidth:0.00206683223423
binomial:0.00198837375982
predicted:0.00196702091397
associativity:0.00190908277478
rt3:0.00187713378458
dineroiii:0.00187713378458
kwords:0.00187713378458
sequential:0.00178190604961
loop:0.00175879192677
zeros:0.00174957221485
uniform:0.00169230246582
gammap:0.00168644668771
crs:0.00167762219083
noticeable:0.0016741857756
traces:0.00165630986232
codes:0.00165516267272
rows:0.00164551614155
gb:0.00162564913904
irregular:0.00161920234592
fraguela:0.00161331928699
doallo:0.00161331928699
shiuh:0.00161331928699
intrinsic:0.00155745866943
replacement:0.00150025964948
compete:0.00146058771265
deviation:0.00144863500864
5k:0.00144365104186
belonging:0.00143864400022
synthetic:0.00143429045379
emilio:0.0014131784937
consecutive:0.00139366085421
products:0.00139135235258
positions:0.00136208716622
delta:0.00129411365033
enddo:0.00127691745402
thousands:0.00123070668084
kernels:0.00121281688758
jen:0.00121197980904
yeh:0.00121197980904
compressed:0.00119556262904
multiprogramming:0.00117120133388
calculation:0.00116750328534
locality:0.00116698682895
analytical:0.00115890800692
transposed:0.00114682777781
referenced:0.00111735773063
probabilistic:0.00111525853077
covered:0.0011046506568
8000:0.00110334755363
ching:0.00110334755363
displaced:0.00109339723963
groups:0.00105323189902
prediction:0.00104005941146
brite:0.00103821827916
be95:0.00103821827916
assso:0.00103821827916
interfence:0.00103821827916
euram:0.00103821827916
v00110011:0.00103821827916
parametrizable:0.00103821827916
tpg:0.00103821827916
xuga20605b96:0.00103821827916
funcion:0.00103821827916
graph0:0.00103821827916
warts:0.00103821827916
theta10k:0.00103821827916
focuse:0.00103821827916
besides:0.00103319784933
probabilities:0.00101629584517
chun:0.000973725141768
group:0.000972915491719
specially:0.000954541387388
trace:0.000948885409312
25w:0.00093856689229
galicia:0.00093856689229
tic96:0.00093856689229
transposi:0.00093856689229
criterium:0.00093856689229
ujaldn:0.00093856689229
modelization:0.00093856689229
xunta:0.00093856689229
ciative:0.00093856689229
demostrate:0.00093856689229
algebra:0.000921573785625
vector:0.000909434216028
validated:0.000908533978389
modifications:0.000898001894546
softer:0.000880231252342
c03:0.000880231252342
measured:0.000875994515594
nc:0.000868438612243
yuan:0.000868438612243
200:0.00086378550913
simulations:0.000847153738241
comprise:0.000845738612428
1564:0.000838811095415
basilio:0.000838811095415
ulator:0.000838811095415
tourio:0.000838811095415
ekmr:0.000838811095415
favoured:0.000838811095415
profiling:0.000837092887798
patterns:0.000836896660261
competing:0.000832856071521
chung:0.000828674500208
gerardo:0.000806659643497
subblock:0.000806659643497
5x:0.000806659643497
areas:0.000804214928924
calculates:0.000785931661085
2m:0.000785931661085
spec:0.000782310704479
calculate:0.000780892460796
bandera:0.000780370817687
ramn:0.000780370817687
unbalance:0.000780370817687
associate:0.000780044558593
pattern:0.000775504443769
memory:0.000766317066743
similarities:0.000764781797221
pr:0.000764781797221
deltam:0.000758127711721
1125:0.000758127711721
spreads:0.000758127711721
nevertheless:0.000758116820773
explained:0.000753255625709
kernel:0.000749804322102
phenomena:0.000741704835879
estima:0.000738845794429
vera:0.000738845794429
jingling:0.000738845794429
100:0.000722593460504
multidimensional:0.000720119076479
union:0.000711671193438
references:0.000711671193438
spatial:0.000707055147513
modeling:0.000706681158303
cicyt:0.000706589246852
matri:0.000706589246852
traditionally:0.000697026357519
characterizing:0.000694246549363
penalizes:0.000692796287877
loops:0.000682281086533
log:0.000680483501051
trix:0.000680195095274
sparse matrix:0.0398317859123
the sparse:0.0255490500137
area vector:0.025035581533
of misses:0.0249519395188
vector product:0.0173654107351
matrix vector:0.0140386293782
the cache:0.0122527566232
cross interferences:0.0112644204614
transposition of:0.0112241155261
the transposition:0.0109267607081
the accesses:0.00979271895609
cache set:0.00951639853266
accesses to:0.00914636114173
area vectors:0.00910384783018
access probability:0.00910384783018
misses on:0.00876229959244
first hit:0.00844831534604
a sparse:0.00835218564603
hit rt2:0.00796586685141
same cache:0.00795860669909
cache size:0.00749386428728
of lines:0.00734457869704
misses during:0.00725278346355
cross interference:0.00725278346355
sequential access:0.00704286148815
hit probability:0.00682788587264
interference probability:0.00682788587264
vector x:0.00660570526903
self interferences:0.0063461855306
of cache:0.00598784691716
vector rt:0.00568990489386
i dot:0.00568990489386
log figure:0.00568990489386
interference area:0.00568990489386
different associativities:0.00568990489386
p first:0.00564742856703
given line:0.00563221023069
lines of:0.00556694457799
the misses:0.00538253480328
cache behavior:0.00522278344325
p hit:0.005191837028
dot product:0.00518340649988
the area:0.00517048667385
100 1000:0.00514898278318
line of:0.00506205792047
the hit:0.00505350441189
dot products:0.00503358947777
bandwidth reduction:0.00490037785288
in loop:0.00489741168066
calculated as:0.00485648454047
k way:0.00484065305745
access to:0.00472537764864
the cross:0.00471692201593
a uniform:0.00456791059718
t pg:0.00455192391509
measured table:0.00455192391509
program vector:0.00455192391509
predicted measured:0.00455192391509
measured misses:0.00455192391509
remaining vectors:0.00455192391509
k accesses:0.00455192391509
non zeros:0.00453298966472
the lines:0.00451681398489
is calculated:0.00440277625823
way associative:0.00438114979622
during the:0.00435955349151
the access:0.00431007497917
harwell boeing:0.00428466456519
misses and:0.0042173415176
cache sizes:0.00419778144057
mapped to:0.00418606562607
with ls:0.0041534696224
lines that:0.00411875049679
loop 4:0.00410980694024
of accessing:0.0040462604625
accessed during:0.00403387754788
misses for:0.00401214404992
the bandwidth:0.00399150983709
vectors at:0.00396516605528
lines with:0.00394764554196
and deviation:0.00392030228231
vectors corresponding:0.00390241453861
the model:0.00387724488315
end do:0.00384466771663
this vector:0.00380446695321
the band:0.00379118303412
banded sparse:0.00375480682046
each line:0.00372853007367
misses in:0.00370460061479
the self:0.0036396446536
more lines:0.00362639173177
self interference:0.00362639173177
processing of:0.00362400963346
direct mapped:0.00359377935343
and ct:0.00352143074407
sparse matrices:0.00351410868478
the processing:0.00350281496544
an access:0.00344097751374
be accessed:0.00343187590366
lines mapped:0.00341394293632
c nnz:0.00341394293632
entries distribution:0.00341394293632
