equilevel:0.0180054862248
monotone:0.0172756304051
shindoh:0.0154791762853
shida:0.0140719784412
injective:0.0132921302198
semidefinite:0.0100504754425
kojima:0.0099679634881
complementarity:0.00898689648069
homeomorphism:0.00775286049074
deltax:0.00756644560777
map:0.00735856111805
convex:0.00696946813668
pang:0.00621281026106
monteiro:0.00609153324273
deltay:0.00588433386314
theta:0.00558027277832
affine:0.00553731516588
homeomorphically:0.00515832496629
psd:0.00515832496629
interior:0.0037182996478
monotonicity:0.00355722013929
shaped:0.00347086330906
1996:0.00344110284593
star:0.00334558476509
fx:0.00322665478836
proposition:0.0030605575917
differentiable:0.00288059191585
nonlinear:0.00280612883299
continuous:0.00279778178747
maps:0.00278739170317
everywhere:0.00273870536882
dom:0.00265331863644
lemma:0.00258822781674
rh:0.0025517093997
alizadeh:0.00249510825556
mnm:0.00248965005549
gjm:0.00248965005549
kz:0.0023623387747
mapping:0.00235350850018
lim:0.00234725920732
compact:0.00234310568235
homeomorphic:0.00221510299736
1995:0.00213951421874
injectiveness:0.00211079676618
imply:0.00209900823215
proper:0.00206791656862
trajectories:0.00200097938181
maximal:0.00196946322178
shapiro:0.00196144462105
hara:0.00193437186236
fy:0.00182633139317
nesterov:0.00181799216739
metric:0.00177716667263
overton:0.00177175408103
deltaz:0.00169440279847
mappings:0.0016714709657
continuously:0.00164960559205
corollary:0.00157261529328
gr:0.00156732669966
statements:0.0015636139613
onto:0.00156175448304
cl:0.00153600721776
gjd:0.0015004571854
matrices:0.00147639435714
convexity:0.00146983727433
cone:0.00146983727433
p4:0.00145316532149
n1:0.00145244451648
bounded:0.00134549946105
hom:0.00134098075017
haeberly:0.00134098075017
xy:0.00129259464864
bracketed:0.00128958124157
slater:0.00124755412778
fh:0.0012466605152
p1:0.00124492994091
establishes:0.00124292583839
1997:0.0012159816804
homeomorphisms:0.00121199477826
ab:0.00120650658452
accumulation:0.00119203132444
connected:0.00119056199577
1995b:0.00118116938735
oe:0.00117731077394
suffices:0.00115261362045
implication:0.00114647737685
1995a:0.00112960186565
continuity:0.00112786655445
lemmas:0.00111576802592
said:0.00110659557286
feasible:0.00109248909827
gamma1:0.00107803195755
spaces:0.00106975710937
qualification:0.00106886109041
gj:0.00106886109041
normed:0.00105167827127
delta:0.00103442926728
subspace:0.00103156727188
sturm:0.00102068375988
contradiction:0.000995638305239
symmetric:0.000972675766717
definite:0.000959367047577
rank:0.000945020064134
1970:0.000936181252188
luo:0.000890170071502
open:0.000879172626604
analytic:0.000859858032637
fz:0.000851596283996
conclude:0.000850394407499
establish:0.000833875964209
nonempty:0.000832402489361
contradicts:0.000832402489361
frh:0.00082988335183
0234:0.00082988335183
berly:0.00082988335183
system2:0.00082988335183
0228:0.00082988335183
morever:0.00082988335183
970048:0.00082988335183
9213739:0.00082988335183
existence:0.000826183944599
naval:0.000818351545817
assumptions:0.000813444646768
valued:0.000807033924104
primal:0.000806232450656
segment:0.000765912180866
todd:0.000762997552564
triples:0.000758091038982
ambrosetti:0.0007502285927
prodi:0.0007502285927
lorentz:0.0007502285927
weaker:0.000729829596027
restricted:0.000729731660549
dr:0.000726222258239
rheinboldt:0.00070359892206
9600343:0.00070359892206
semismooth:0.00070359892206
sdlcp:0.00070359892206
ramana:0.00070359892206
technical:0.000692146607176
p2:0.00068313104234
claim:0.00067585286625
scheinberg:0.000670490375086
hae:0.000670490375086
wolkowicz:0.000670490375086
a1:0.000665730320974
cited:0.000662387848118
couple:0.000659088328925
n00014:0.00065583060641
gradient:0.000653353226341
invariance:0.000652613569556
central:0.000649153178881
isomorphic:0.000646297324321
defeng:0.000644790620786
cel:0.000644790620786
rockafellar:0.000644790620786
potra:0.000644790620786
maxf:0.000644790620786
mixed:0.000642479269643
strictly:0.000641734803424
connecting:0.000640334388786
fr:0.000640131536856
zhang:0.000627665409676
closed:0.000626160997114
undertook:0.000623777063891
vandenberghe:0.000623777063891
converges:0.000617359132789
nemirovskii:0.00060599738913
penultimate:0.00060599738913
dual:0.000603290368941
1996b:0.000590584693675
goldfarb:0.000590584693675
1996a:0.000590584693675
tun:0.000590584693675
ortega:0.000576979807396
pertains:0.000576979807396
sdp:0.000576979807396
subsection:0.000576306810225
chapter:0.00057561578803
proofs:0.000568863106407
primer:0.000564800932824
triple:0.000561655794664
fu:0.000557156988567
office:0.000557156988567
equivalently:0.000556077742567
advised:0.000553775749339
hypotheses:0.000552730835566
ffg:0.000543703185443
boyd:0.000543703185443
matrix:0.000542586732696
inequality:0.0005425324066
pertain:0.000525839135635
kh:0.000517834864713
gammaz:0.000517834864713
nondegeneracy:0.000517834864713
ae:0.000508294162608
letting:0.000506325833012
grants:0.000504471261012
superlinearly:0.000503298138864
ffl:0.000502507736673
s n:0.0565022444469
theta s:0.0293058468427
z injective:0.0215794444113
n theta:0.0202324341702
equilevel monotone:0.0190895085177
z bounded:0.0190895085177
y equilevel:0.0190895085177
u theta:0.0180562101877
theta m:0.0172526319024
on s:0.0140084638076
injective on:0.0137684226606
x y:0.0113183582782
is x:0.011300497873
the map:0.0109255369364
k g:0.0106172574204
local homeomorphism:0.00995974357446
bounded on:0.00992205516613
f u:0.00974735454945
continuous map:0.00960315832207
proper with:0.00940062381955
monotone z:0.00912976494325
that f:0.00904410953313
m n:0.00890488457087
that h:0.00865472697095
shindoh and:0.00861723850125
and shindoh:0.00861723850125
shida and:0.00861723850125
theta f:0.00848493749644
is z:0.00809224103254
map which:0.00777535246693
star shaped:0.00724653824243
shida shindoh:0.00705046786466
path connected:0.00705046786466
pang 1996:0.00705046786466
f is:0.00677111778223
interior point:0.00670261167279
homeomorphically onto:0.00663982904964
psd convex:0.00663982904964
maximal monotone:0.00657002891342
mapping f:0.00652518729974
and pang:0.00652188441818
complementarity problem:0.0063388027731
and kojima:0.00633311732383
map f:0.00627876352336
is proper:0.00627876352336
an affine:0.00577880235765
m 0:0.00574689582616
monteiro and:0.00570492249579
the mapping:0.0055900489757
kojima shida:0.00548369722807
everywhere monotone:0.0054576052176
kojima 1995:0.0054576052176
f x:0.0052935990827
m is:0.00524992757243
f s:0.00524052697633
y z:0.00507079043484
a continuous:0.00501895331034
semidefinite programming:0.0049845539578
shindoh 1996:0.00497987178723
deltax ffl:0.00497987178723
lim k:0.00491693715604
2 s:0.00489734001555
map h:0.00480157916103
complementarity problems:0.00478483228734
by 11:0.00477105222495
is bounded:0.0046996285804
m p:0.00465632917445
statements hold:0.00459902023939
monotone set:0.004548004348
y everywhere:0.004548004348
and psd:0.004548004348
affine map:0.0045018883612
simply connected:0.00443716194117
thus shown:0.00443716194117
h m:0.00435999648066
bounded and:0.00435104793208
affine function:0.00434792294546
monotonicity condition:0.00434792294546
following statements:0.00431229473248
is compact:0.00431229473248
a monotone:0.00430882178965
fx k:0.00424246874822
differentiable and:0.00424093531107
map defined:0.00422207821589
rh x:0.00414989315602
monotone map:0.00414989315602
mapping h:0.00411563928089
monotone and:0.00395406044556
is star:0.00391692659148
the complementarity:0.00386918789736
assumptions of:0.00380100894033
monotone on:0.00375157363434
n 0:0.00374378428002
conclude that:0.00374043716622
n proof:0.00369707589445
imply that:0.00369597427477
h gamma1:0.00363640178419
positive semidefinite:0.00362526022338
we conclude:0.00361084757922
h j:0.00359517130853
point methods:0.00357280330805
continuously differentiable:0.00352349145964
and z:0.00352318931769
z 2:0.00350945617683
metric space:0.00350190182334
are bounded:0.00344509093054
set u:0.00343292217731
the assumptions:0.00336313108398
