illumination:0.0239016434642
tracking:0.0191284923115
motion:0.0185928366462
image:0.0142009685137
rm:0.0099230843323
images:0.0083774096308
vision:0.00727899518601
target:0.00683549366866
brightness:0.00593628439644
region:0.00571916124578
warping:0.00545406613773
frame:0.00537301768961
face:0.00522280892317
occlusion:0.0049691661827
motions:0.00496831811828
rectified:0.00492304618814
template:0.00480245668497
residuals:0.00391951661647
visual:0.00389054455881
outlier:0.00367588948131
outliers:0.00364273922466
ssd:0.00311984038482
rigid:0.00300681074339
lighting:0.00294071158505
affine:0.00291526884372
irls:0.0027671249293
camera:0.00274704231257
robust:0.00272663708033
estimation:0.00269604666176
parametric:0.00268362649571
distortion:0.00257783412822
factoring:0.00256079595672
sigma:0.00250475510353
matthews:0.00246152309407
distortions:0.00231631041425
rejection:0.00224741211225
pose:0.00223353929522
rotation:0.00223353929522
black:0.00217851098743
jacobian:0.0021441690784
iain:0.00212707565367
weighting:0.00208506389867
gray:0.0020567348286
3d:0.00203790429271
translation:0.00202831653793
object:0.00202742371903
recognition:0.00202484861261
hager:0.00202060985903
appearance:0.00199398055941
templates:0.00199307567315
tracked:0.00193337559616
pixels:0.00192730324808
intelligence:0.0019216109565
occluded:0.0019103736404
shadowing:0.0018832462874
lambertian:0.0018832462874
frames:0.00188035321643
online:0.00185775867078
optical:0.00185005019617
acquired:0.00184902437557
monocular:0.00184648442201
offline:0.00182136961233
surface:0.00180325559005
deformations:0.00178978056874
deformable:0.00178978056874
shading:0.00178978056874
facial:0.00178198066192
excerpts:0.00175953594547
geometry:0.00174985116617
gradients:0.00174544132556
areas:0.00174154859213
row:0.0016980576365
undergoing:0.00167817419623
compensation:0.00163503771234
pixel:0.00162553883693
planar:0.0016190560317
correspondence:0.00158537932906
white:0.00155098951866
track:0.00153228452736
baker:0.00152829891232
robot:0.00152240887712
inner:0.00145764203292
gradient:0.00145234065829
matrix:0.00143911749455
warped:0.00141243471555
constancy:0.0013848633165
frames20:0.00138356246465
jurie:0.00138356246465
ortegn:0.00138356246465
simon:0.00138039725956
blake:0.00135967419571
tracker:0.00135967419571
matching:0.00135674635231
temporal:0.00132897449318
shear:0.00131500039536
geometric:0.0012991969325
stereo:0.00128891706411
deformation:0.00128891706411
light:0.001281073971
ffi:0.00127363010996
spatial:0.00125632535684
regions:0.00125454954843
motionless:0.00125076387962
dhome:0.00125076387962
intruders:0.00125076387962
varying:0.00122170306269
orthographic:0.00121134192493
derivatives:0.00120383326665
resolution:0.00119670568263
articulated:0.00118355766165
contour:0.00118317414483
corrochano:0.00117302396365
fua:0.00117302396365
bayro:0.00117302396365
lepetit:0.00117302396365
rehg:0.00117302396365
variation:0.00116570089887
coordinates:0.00113935849436
objects:0.00113672979823
pure:0.00112299634112
00:0.00112164968294
rectification:0.00111782615452
intrusions:0.00111782615452
soda:0.00111782615452
intensity:0.00110989030163
human:0.0011064503286
plane:0.0010957212005
linearization:0.00108319568949
1391:0.00107498011439
linearized:0.00104750274561
fleet:0.00103994679494
sclaroff:0.00103994679494
basis:0.00101738072724
aguilar:0.00101030492951
incorporating:0.000996119389148
orthography:0.000984609237628
albedo:0.000984609237628
irradiance:0.000984609237628
fa:0.000975864180259
live:0.000971756281239
eduardo:0.00096192748368
jaime:0.00096192748368
jepson:0.00096192748368
dark:0.000960298483771
gregory:0.000947903977115
kriegman:0.000941623143699
daah04:0.000906449463808
deform:0.000906449463808
excerpt:0.000906449463808
specular:0.000890990330959
magnified:0.000890990330959
vectors:0.000890915479125
invertible:0.00088738060862
reference:0.000878550278244
horst:0.000863322393592
surveillance:0.000863322393592
pattern:0.000861218092817
subspace:0.000859902632093
recovering:0.000858710944599
robotic:0.000850830261467
661:0.000850830261467
493:0.000850830261467
david:0.000849944747685
parameterized:0.000844134800261
bright:0.000817518856169
video:0.000816998883352
variability:0.000816016766182
compensate:0.000804241328051
residual:0.000796895511318
stan:0.000789038441102
yale:0.000789038441102
bottom:0.000788736463642
150:0.000788525724717
book:0.000781898962003
products:0.000772566701037
squares:0.000772198703555
undergoes:0.000772103471417
kanade:0.000772103471417
markus:0.000764149456162
displacements:0.000764149456162
frdric:0.000764149456162
44:0.000745294006321
moves:0.000740712865325
ir:0.000735007593807
taylor:0.000735007593807
suppressed:0.000728547844932
army:0.000709880883243
gross:0.000709880883243
robotics:0.0007040252604
rotate:0.0007040252604
variations:0.00069875709726
vincent:0.000698335163741
eurasip:0.000698335163741
bias:0.000693881156443
svd:0.000692801259833
filiberto:0.000691781232325
haussecker:0.000691781232325
myocardial:0.000691781232325
vino:0.000691781232325
0figure:0.000691781232325
target region:0.0221391180103
rm s:0.0214472705725
the target:0.0112426574048
illumination basis:0.010615056947
the image:0.00974841308258
the motion:0.00906728574228
the illumination:0.00838449850326
region tracking:0.0068239651802
and illumination:0.00670759880261
visual tracking:0.00628958751239
rectified image:0.00606574682685
reference template:0.00606574682685
motion model:0.00547659602219
computer vision:0.00532107788926
images shows:0.00530752847349
motion parameter:0.00522406823417
of images:0.00496879360093
the tracking:0.00481009771483
tracking algorithm:0.00469254490195
images of:0.00467082858702
changes in:0.00450067041279
weighting matrix:0.00437809253489
tracking of:0.0042377096691
partial occlusion:0.00422836095933
illumination changes:0.00375265074419
in illumination:0.00351940867646
machine intelligence:0.00350989634367
vision v:0.00350613613373
on pattern:0.00348717328744
pattern analysis:0.00348717328744
the face:0.00347807903075
an illumination:0.00345923718911
frame corresponds:0.00345923718911
vector inner:0.00345923718911
robust algorithm:0.00335379940131
motion of:0.00333947954042
at time:0.00329791486779
iain matthews:0.00326504264636
gray values:0.00326504264636
jacobian matrix:0.00323165698798
an image:0.00321792512491
for tracking:0.00320163311817
optical flow:0.0031728767479
illumination and:0.00317031134962
and machine:0.00314890812778
pure translation:0.00312720895349
tracking algorithms:0.00312720895349
time t:0.00311271739499
s i:0.00310521929384
intelligence v:0.00309970607434
motion templates:0.00303287341342
tracking sequence:0.00303287341342
illumination models:0.00303287341342
black frame:0.00303287341342
the rectified:0.00302025782809
tracking and:0.0029997055425
parametric motion:0.00293284056372
motion parameters:0.0028860586289
sigma is:0.00286158983294
motion models:0.00285890341472
understanding v:0.00277754660313
motion plus:0.00276738975128
image gradients:0.00276738975128
basis images:0.00276738975128
template image:0.00276738975128
varying illumination:0.00276738975128
the region:0.00276105873526
rigid motion:0.0027382980111
of image:0.0027084767822
the reference:0.00268518172249
the object:0.00266697520899
image understanding:0.00263500149607
the residuals:0.00263025248953
efficient tracking:0.00261203411709
the rm:0.00261203411709
tracking with:0.00261203411709
face tracking:0.00261203411709
the template:0.00257117617928
tracking the:0.00257117617928
vision and:0.00256166899887
time varying:0.00255273506527
and image:0.0025526518863
a tracking:0.0025017671628
in pose:0.0025017671628
simon baker:0.0025017671628
image gradient:0.0025017671628
outlier rejection:0.0025017671628
appearance models:0.0025017671628
both algorithms:0.00247449797243
image plane:0.00246831557854
illumination model:0.00241620626248
of illumination:0.00241620626248
region are:0.00240504885742
2 theta:0.00240060807038
variation due:0.00234627245098
