spline:0.0440463563608
splines:0.0218716134409
wavelet:0.0191310493258
dyadic:0.0185237405088
gaussian:0.0123712759637
multiscale:0.0116365448151
scale:0.00987259894425
wavelets:0.00969712067922
kernel:0.00905393595035
image:0.0071113917721
scales:0.00650820914775
signal:0.00632567670263
crossings:0.0059966416026
filtering:0.00541069624014
filters:0.00527702282081
pyramid:0.00509687294381
compact:0.00505655731424
vision:0.00457650190156
multiresolution:0.00444908123855
reconstruction:0.00438598447204
refinable:0.00417448613725
continuous:0.00398493123236
convolution:0.00387273381626
causality:0.00385870860915
transform:0.00385733717009
orientational:0.0037960177196
filter:0.00363600493231
phantom:0.00361739233084
burt:0.00361739233084
cascaded:0.00358524009847
extrema:0.00357476538874
frame:0.00337816210139
derivatives:0.00337629029429
edge:0.00337192435047
orientation:0.0031792185455
derivative:0.00313885169353
kernels:0.00313818059764
visual:0.00311756695342
detection:0.00300440689209
fingerprints:0.00278299075817
hildreth:0.00278299075817
laplacian:0.00272664948272
trous:0.00268640426525
discrete:0.00264874409738
ferrari:0.00261555469179
binomial:0.0025724724061
fingerprint:0.00254903171887
smoothing:0.00253712518445
separable:0.00253678611682
pulse:0.00252541647709
0th:0.00249031145905
rational:0.00247416435767
staircase:0.00239016006565
marr:0.00239016006565
poggio:0.00234668571703
wells:0.00230666393126
crossing:0.00228447067153
compactly:0.00227829306676
cubic:0.00218836044531
2d:0.00218047412944
gabor:0.00217229287137
bank:0.00215502669119
localization:0.00214372700508
differential:0.00210689888093
descriptors:0.0020996061446
directional:0.0020526649201
sampling:0.00205217564581
biorthogonal:0.00196166601885
dilated:0.00196166601885
fourier:0.00191096927448
operator:0.00186757036247
sampled:0.0018255008465
bases:0.00179882529401
isotropic:0.00179357690208
cortex:0.00179262004923
unser:0.00179093617683
aldroubi:0.00179093617683
famous:0.00177963249542
subdivision:0.00177963249542
radial:0.00175281022527
maxima:0.00171498160407
compression:0.00168217345213
witkin:0.00162921965353
refinability:0.0016190366087
schoenberg:0.0016190366087
fir:0.00160770632806
canny:0.00158734151746
representations:0.00151046551018
impulse:0.00145456810188
eden:0.00144695693234
transforms:0.00139656954473
orthogonal:0.00138650742431
intrinsic:0.00134331533695
meaningful:0.00133630604616
retina:0.00127451585943
authentic:0.00127451585943
decompose:0.0012526093505
human:0.00122762710982
receptive:0.00121887301519
physiological:0.00121887301519
mallat:0.00121887301519
recursive:0.00121531332666
frequency:0.00120991447168
formula:0.0012075549189
koenderink:0.00119508003282
operators:0.00119030552264
curvature:0.00117542216491
decomposition:0.00116943565704
truncated:0.00116856406402
resembles:0.00116182014488
traditional:0.00114018566097
rth:0.00113479120786
yuille:0.00113479120786
fi:0.0011071933925
imposing:0.00110567716645
parameterize:0.00108614643568
reconstruct:0.00106676299392
fig:0.00103852642587
samples:0.00103518473324
signals:0.00103153203187
stable:0.000993830748731
biological:0.000989144285506
response:0.000984059496278
coefficients:0.000974452819683
shape:0.000961915663295
uncertainty:0.000943408875785
geometric:0.000934294558308
wu:0.000920216560422
perfect:0.000897056073576
detected:0.000895731306139
sood:0.000895468088417
aissen:0.000895468088417
multiresolutions:0.000895468088417
torachi:0.000895468088417
neurophysiological:0.000895468088417
maar:0.000895468088417
koendrink:0.000895468088417
watercourse:0.000895468088417
watershed:0.000895468088417
olkkonen:0.000895468088417
huertas:0.000895468088417
reinsh:0.000895468088417
binomials:0.000895468088417
ruibin:0.000895468088417
castleman:0.000895468088417
appendix:0.000889929306273
superposition:0.000889816247709
behaviors:0.000880627431674
approximated:0.000876559887268
orientations:0.000876405112635
conjectured:0.000876405112635
clark:0.000876405112635
primal:0.000869948083446
fang:0.000863645801805
compactness:0.000851476145524
interpolation:0.000841086726065
derivation:0.000840014047758
images:0.000818418073212
extraction:0.000816508575747
mammals:0.00080951830435
possion:0.00080951830435
udupa:0.00080951830435
abstractit:0.00080951830435
madabhushi:0.00080951830435
jayaram:0.00080951830435
completeness:0.000802630601908
express:0.000798633081197
approximate:0.000794623229214
cone:0.000792998420459
nth:0.00078826571366
n1:0.000783614776604
invertible:0.000765772935305
feature:0.000762178211359
flexible:0.000762096060442
regularization:0.000761490223843
huamin:0.000759203543919
tunings:0.000759203543919
lombardi:0.000759203543919
4z:0.000759203543919
mammalian:0.000759203543919
wedding:0.000759203543919
anant:0.000759203543919
decimation:0.000759203543919
petrosino:0.000759203543919
daugman:0.000759203543919
berzins:0.000759203543919
bandlimited:0.000759203543919
ping:0.000749032337056
profiles:0.000749032337056
synthesized:0.000745003016157
tensor:0.000741032195471
scaling:0.000730674034358
minima:0.000725699783016
pythagorean:0.000723478466168
roof:0.000723478466168
lena:0.000723478466168
elucidates:0.000723478466168
edges:0.000719772627689
possess:0.000718342230398
dx:0.000714735605717
scale space:0.0645423166091
b spline:0.0566803113503
b splines:0.0314631407219
gaussian kernel:0.0175020778113
dyadic scale:0.0166854064373
the gaussian:0.0152281645509
continuous scale:0.0152154546832
the b:0.0113638218938
space representation:0.0107705094223
wavelet transform:0.0106111304829
space filtering:0.010165083315
the scale:0.0098658950468
discrete b:0.0098149449631
space frame:0.0098149449631
an image:0.00908841327062
based scale:0.00883345046679
using b:0.00800685189826
zero crossings:0.00752379452045
dyadic scales:0.0071646321881
frame representation:0.00687046147417
spline techniques:0.00687046147417
edge models:0.00687046147417
the dyadic:0.00647694873242
the discrete:0.00638550058592
a signal:0.00607664909222
spline is:0.00607438078301
derived scale:0.00588896697786
traditional scale:0.00588896697786
spline kernel:0.00588896697786
spline wavelets:0.00566733014087
spline based:0.00547350640041
local partial:0.00537347414108
edge detection:0.005325286893
spline of:0.00531508318514
space representations:0.00531508318514
space theory:0.00518108950602
the wavelet:0.005163018982
fi n:0.0050986950115
order n:0.00505145867679
frame algorithms:0.00490747248155
at dyadic:0.00490747248155
efficient frame:0.00490747248155
bank implementation:0.00490747248155
rational scales:0.00490747248155
compact scale:0.00490747248155
continuous b:0.00490747248155
at rational:0.00490747248155
fast implementation:0.00487083717588
the signal:0.00465135070887
splines are:0.00455578558726
continuous wavelet:0.00447789511756
scale relation:0.00447789511756
of scale:0.00447062389149
zero crossing:0.0044409338623
kernel is:0.00434512397189
filter bank:0.00434140856594
of continuous:0.00424429663131
causality property:0.00422651518976
running average:0.00422651518976
of b:0.00411216338827
kernel in:0.00410388792024
discrete signal:0.00404809295776
of edge:0.00402025402716
discrete sampled:0.00392597798524
ferrari et:0.00392597798524
its multiscale:0.00392597798524
sampled b:0.00392597798524
staircase edge:0.00392597798524
spline derived:0.00392597798524
relation 15:0.00392597798524
m refinable:0.00392597798524
differential descriptors:0.00392597798524
order difference:0.00390964742886
signal f:0.00370077821859
computer vision:0.00364658868553
wavelet transforms:0.00361784047161
average sum:0.00358231609405
for multiscale:0.00358231609405
gaussian function:0.0035446575716
compact representation:0.00352046465441
crossings of:0.0034199066002
human visual:0.0034199066002
compactly supported:0.0034199066002
wavelet theory:0.00338121215181
of dyadic:0.00338121215181
image can:0.00335296791862
visual system:0.00331597827591
two scale:0.00323847436621
in scale:0.00318668438219
more compact:0.00313640315053
non separable:0.00312771794309
