tridiagonal:0.0583574014493
matrices:0.0194227841758
decay:0.0187787589164
irreducible:0.0143635801736
ir:0.0130869149486
diagonally:0.0120650061824
nonsingular:0.01111852136
inverses:0.010848666982
green:0.0107250196003
definite:0.0106793110904
ikebe:0.0106288775319
det:0.0104752271587
vassilevski:0.0075920553799
nonsymmetric:0.00752831229427
banded:0.00751061560291
inverse:0.00731740336869
meurant:0.00712017914738
dominant:0.00696777302346
matrix:0.0068884470887
bunyakowski:0.00671850732137
meu:0.00671850732137
vas:0.00671850732137
symmetric:0.00669333811644
fy:0.00591419061931
fu:0.00563823713685
gamma1:0.00527283447731
fv:0.00526981860599
multiplying:0.00504948882726
row:0.00503902636606
diagonal:0.00435835538456
splittings:0.004192248612
cgm:0.00407107922215
entries:0.00385761737877
gammab:0.0038315296048
ui:0.00371066998926
gantmacher:0.00335925366068
th:0.00335799906743
schwarz:0.00328774092672
corollary:0.00318286519976
vi:0.00294924870439
strictly:0.00285741963749
cauchy:0.00284083302046
gammac:0.00281197070503
krein:0.00271405281476
concus:0.00271405281476
sums:0.00267957378516
column:0.00263464343885
2p:0.0025035385343
sharp:0.00248562827241
rates:0.0023369328544
rows:0.00232934776532
sequences:0.00229283618229
gk:0.0022862364897
pairwise:0.00225529485474
flipped:0.00224160806342
xi:0.0021918721396
fx:0.00217684246138
establish:0.00216990977556
decaying:0.00206579373428
nonnegative:0.00200520422131
columns:0.00197792957732
generalized:0.00180492841157
golub:0.00180164300485
band:0.00176213672513
da:0.00169553960527
xiyi:0.00167962683034
cauley:0.00167962683034
splitt:0.00167962683034
disered:0.00167962683034
racterization:0.00167962683034
elemen:0.00167962683034
venkataramanan:0.00167962683034
twise:0.00167962683034
jitesh:0.00167962683034
3we:0.00167962683034
sasimi:0.00167962683034
mnnst:0.00167962683034
versit:0.00167962683034
rants:0.00167962683034
defineae:0.00167962683034
prepint:0.00167962683034
ae:0.00164600388494
characterize:0.00162268907755
dms:0.00160839294721
preconditioners:0.00160839294721
block:0.0015761537427
gammak:0.00154425457258
gammai:0.00153432412653
friedland:0.00151841107598
sonderforschungsbereich:0.00151841107598
jacobian:0.00148742477889
gamma2:0.00148241606625
characterizations:0.00144451991664
elsner:0.00142403582948
ludwig:0.00142403582948
bielefeld:0.00142403582948
asplund:0.00142403582948
partioned:0.00142403582948
jacobi:0.00139739994178
constants:0.0013913838189
sign:0.00138686444001
jjxjj:0.00135702640738
beauty:0.00135702640738
characterization:0.00134846854085
equality:0.00134409643763
proved:0.00131346145225
varga:0.00130501187213
elegant:0.00128339249535
formulas:0.00124949242698
yi:0.0012317669593
dad:0.0012264970392
koh:0.00119530280358
kok:0.00119530280358
flat:0.00117475781675
irreducibility:0.0011677674494
barrett:0.0011677674494
hadamard:0.0011677674494
vw:0.0011677674494
balakrishnan:0.0011677674494
shmuel:0.00114311824485
cha:0.00114311824485
symmetrization:0.00114311824485
ff:0.00112109800507
wants:0.0011186891981
trix:0.00110041785511
spectral:0.00107593205456
induction:0.0010720020753
lemma:0.00106906022455
minors:0.00106426224687
fl:0.00104130461802
025:0.00103289686714
elegantly:0.00103289686714
yokohama:0.00101864081962
mar:0.00101864081962
radius:0.00101728571193
multiply:0.00101728571193
f0:0.00100260211066
topic:0.000995396146209
decreasing:0.000988595081346
says:0.000977757506631
jd:0.000937323568344
transposed:0.000927667497315
368:0.000927667497315
1g:0.000908868631093
hypothesis:0.000892844223138
exponentially:0.0008905315908
gaussian:0.000875651529553
moreover:0.000873648491424
recursive:0.000854834847185
vanishing:0.000834512844767
343:0.000828143624025
connection:0.000826350601288
overlapping:0.000819379956696
generalize:0.000814012144338
corollaries:0.000793040362495
pacific:0.000793040362495
schur:0.000793040362495
positive:0.000792536988567
elimination:0.000785240863323
preconditioning:0.000782364272766
ja:0.000777193243139
spline:0.00077212728629
jain:0.000767162063263
sparsity:0.000757517756968
interconnect:0.000757517756968
factorizations:0.000748230511334
asia:0.000743712389447
cambridge:0.000734911953012
eigenvector:0.000722259958322
theorems:0.000719372624781
obviously:0.000705112159627
sparse:0.000703254916195
uni:0.000702478863505
indices:0.00069645555044
fi:0.000692253117849
established:0.000689694391202
submatrix:0.00068768593502
absolute:0.000685261556619
japan:0.000673696192612
jj:0.000670313725018
var:0.000660422491218
partition:0.000649320309483
regular:0.000644345393558
ji:0.000624212330359
press:0.000621407068103
rate:0.000613228496307
partitioned:0.000609202731461
fp:0.000599964076699
norms:0.000599964076699
anything:0.000592343208858
explain:0.000591280545583
stephen:0.000589849740878
characterizes:0.000589849740878
conjugate:0.000584930266683
deleting:0.000582503384006
cheng:0.000577713230023
south:0.000573005231593
acknowledgement:0.000570681084796
generalizes:0.000542113706442
eigenvalue:0.000540032261435
tridiagonal m:0.0285602918714
a gamma1:0.0249742713225
m matrices:0.023308859372
green matrix:0.022094232603
2 ir:0.0217044499276
tridiagonal matrices:0.0205292947817
generalized green:0.0202530465527
ir n:0.0196296012566
irreducible tridiagonal:0.0184118605025
det a:0.0176454430736
diagonally dominant:0.0161754468138
positive definite:0.0160774644941
dominant by:0.0151201545201
m matrix:0.0147089508663
the inverse:0.0143577033515
of tridiagonal:0.0136688755378
fu i:0.013573417749
symmetric positive:0.0134524736641
definite matrices:0.012331709523
i g:0.0121600992101
sequences fu:0.0117601201823
let a:0.0115708641269
tridiagonal matrix:0.0115538905813
fy i:0.0111076669414
entries of:0.0109301448382
inverse of:0.0108920740847
is diagonally:0.0106313476405
i k:0.0104724523447
n n:0.0103164911229
c i:0.00990279111091
for symmetric:0.00986565905799
th column:0.00980596724419
n be:0.00976981534536
fv i:0.0097192085737
tridiagonal and:0.00951422652432
decay rates:0.00950139242427
nonsymmetric tridiagonal:0.00920593025124
inverses of:0.00914707120767
th row:0.0089907376761
is tridiagonal:0.00880093164186
a i:0.00869998687846
an irreducible:0.00858437056923
symmetric tridiagonal:0.00854620061826
the decay:0.00836906411021
theorem 3:0.00829073203114
block tridiagonal:0.00808772340691
banded matrices:0.00797931003986
the entries:0.00786919685039
matrices a:0.00774827433186
a tridiagonal:0.00769848554316
the i:0.00766165973891
s t:0.00763770036753
matrices and:0.00753006184396
theorem 2:0.00748240719884
by columns:0.00746453450425
1 th:0.00746131080899
multiplying the:0.00738556209038
decay along:0.00736474420099
pairwise constant:0.00736474420099
green matrices:0.00736474420099
cauchy bunyakowski:0.00736474420099
bunyakowski schwarz:0.00736474420099
ikebe s:0.00736474420099
schwarz constants:0.00736474420099
nonsingular tridiagonal:0.00736474420099
sharp decay:0.00736474420099
and nonsingular:0.00733410970155
nonsingular then:0.00717348352304
a 2:0.00695490040744
ff i:0.00692496623462
a generalized:0.00673563957402
four sequences:0.00672006867562
for tridiagonal:0.00672006867562
gamma1 gives:0.00672006867562
corollary 3:0.00669496702711
irreducible and:0.0064154046193
and tridiagonal:0.00634281768288
tridiagonal if:0.00634281768288
i 1:0.00630391206837
gamma1 is:0.00630262436638
zero row:0.00607505579457
row of:0.0059744903221
matrix then:0.00588358034652
type d:0.00586728776124
by rows:0.00577694529065
i i:0.00572479571556
a 11:0.0057169195048
column of:0.00568353957919
symmetric matrices:0.00559598310675
a is:0.0055254366502
be tridiagonal:0.00552355815074
symmetric irreducible:0.00552355815074
banded m:0.00552355815074
increasing while:0.00552355815074
vi xi:0.00552355815074
decay result:0.00552355815074
ui vi:0.00552355815074
regular splittings:0.00552355815074
tridiagonal symmetric:0.00552355815074
irreducible nonsingular:0.00552355815074
establish a:0.00537138244062
gamma1 with:0.00522126060671
decay rate:0.00522126060671
a gives:0.00522126060671
