stir:0.0429555754591
steihaug:0.0269721055208
trust:0.0217927494503
curvature:0.0212740272109
tir:0.0176804986311
subspace:0.0171697923138
unconstrained:0.0121065937554
sbmin:0.0109886355826
newton:0.00996399551878
minimization:0.0096570558361
mpcg:0.00884024931555
affine:0.00853740328099
reflection:0.00805979350881
inexact:0.00735520765205
iterations:0.00719143086871
lancelot:0.00714233158957
subproblem:0.006769008658
gensing:0.00663018698666
region:0.00648334419978
conjugate:0.00615723599585
fd:0.00605661666821
gradient:0.00579981652365
cragglevy:0.00552515582222
genwood:0.00552515582222
fig:0.00526867220241
lanczos:0.00515989936432
cholesky:0.00511317596831
scaling:0.00495919032965
reflective:0.00462922104887
mole3:0.00442012465778
negative:0.00415279736908
cg:0.00372979449851
convergence:0.00359798088804
interior:0.00340388251444
degensing:0.00331509349333
mole1:0.00331509349333
chainwood:0.00331509349333
constrained:0.00311234397009
genrose:0.00299690061343
1000:0.00299433382852
nonlinear:0.00293582206081
minimizer:0.00278875055835
gamma2:0.00260076174428
quadratic:0.00246016189611
molecule:0.0022121402717
chainsing:0.00221006232889
brown1:0.00221006232889
epowell:0.00221006232889
5590:0.00221006232889
brown3:0.00221006232889
up50iterations:0.00221006232889
broyden2a:0.00221006232889
erosenbrock:0.00221006232889
augmlagn:0.00221006232889
nondegenerate:0.0021719039048
fx:0.00214822606706
orthogonality:0.00210148790059
10000:0.00207277534764
indefinite:0.00205887852644
lo:0.00201887222274
188:0.00201887222274
14850:0.00199793374228
factorization:0.00198602145733
preconditioned:0.00196905174001
definite:0.0019161677663
dikin:0.00187375426783
optimality:0.00186312961403
cornell:0.00185000334981
kgk:0.00178558289739
gammad:0.00176152759461
scale:0.00168042022954
diagonal:0.00167263491066
adaptation:0.00164903679466
coleman:0.00161383162847
bounds:0.00159480783585
sorensen:0.00153655490744
min:0.00145690110822
ithaca:0.00144793593653
orig:0.00144793593653
eigenvector:0.00142553050777
nf:0.00142324196859
counts:0.00140223518339
lim:0.00138910798294
iteration:0.00138387767358
nondegeneracy:0.00137904601239
converges:0.00137007423971
tucker:0.00135909144487
x3:0.00132300379355
var:0.00130348138285
active:0.00127816010966
matrix:0.00124792234154
517:0.00123333556654
005:0.00123333556654
kuhn:0.00122063005455
ae:0.00121827435201
125:0.00117909316362
feasibility:0.00117407969356
x2:0.00116911273506
stopping:0.0011641913565
fw:0.00115351013504
encountered:0.00114832623217
direction:0.00113281386851
krylov:0.00112458941779
broyden1a:0.00110503116444
stirmethod:0.00110503116444
gerose:0.00110503116444
wenmei:0.00110503116444
faltering:0.00110503116444
broyden2b:0.00110503116444
6311:0.00110503116444
5356:0.00110503116444
inffkz:0.00110503116444
jiaju:0.00110503116444
hongli:0.00110503116444
shuying:0.00110503116444
1000050problem:0.00110503116444
2728:0.00110503116444
8920550:0.00110503116444
broyden1b:0.00110503116444
detong:0.00110503116444
2743:0.00110503116444
magnetostrictive:0.00110503116444
3905:0.00110503116444
polyurethane:0.00110503116444
tointbroy:0.00110503116444
middle:0.00109244644896
approaching:0.00108967598832
excess:0.00108150695113
mid:0.00108150695113
strict:0.00107460600931
x6:0.00107353880735
eigenvalue:0.00106586618154
updating:0.00106407571483
count:0.00101530365157
subject:0.00101232336535
fkz:0.000998966871142
jingshu:0.000998966871142
90er25013:0.000998966871142
stegmaier:0.000998966871142
gaither:0.000998966871142
3878:0.000998966871142
multifield:0.000998966871142
a000:0.000998966871142
botchen:0.000998966871142
superior:0.000989422076796
factorizations:0.000984525870003
matrices:0.000982946441838
inf:0.000978580900086
83:0.000961484074939
s2:0.000955811069968
residual:0.000954703236007
86:0.000951341874388
foam:0.000936877133913
weiler:0.000936877133913
952:0.000936877133913
subspaces:0.000934495973714
eigenvectors:0.000934495973714
gradients:0.000929372355656
sparse:0.000925346731673
viable:0.000914453212173
feasible:0.00090918990131
81:0.000903073843762
blaauw:0.000892791448697
ebert:0.000892791448697
byrd:0.000892791448697
conformation:0.000892791448697
nondifferentiability:0.000892791448697
43:0.000887679318337
detected:0.000884284785626
58:0.00088180401903
appendix:0.000878556929323
nonetheless:0.000877609054305
approximate:0.000871631961608
outperform:0.00086057719232
schnabel:0.000858570941251
impaired:0.000858570941251
overlooks:0.000858570941251
scaled:0.000858362355656
71:0.000855493261673
differentiable:0.000852367138115
iterates:0.000832655065009
neurocomputing:0.000830590339889
bajaj:0.000806915814233
vicente:0.000806915814233
988:0.000806915814233
ertl:0.000806915814233
pcg:0.000806915814233
quartic:0.000806915814233
yes:0.000789436070349
actuators:0.000786393039836
jang:0.000786393039836
strikingly:0.000786393039836
procedurally:0.000786393039836
761:0.000786393039836
davies:0.000786393039836
axial:0.000786393039836
huang:0.000782719795708
proposes:0.000779408490041
fg02:0.000768277453718
stop:0.000762403426054
negative curvature:0.0395629303127
trust region:0.0334191329026
stir method:0.0254357277264
large step:0.021906284753
the steihaug:0.0205908272071
the stir:0.0157459266878
newton steps:0.0131182851156
step size:0.0122566345205
tir method:0.0121122512983
affine scaling:0.0116300425088
the subspace:0.0111606679097
k g:0.0109961810957
the tir:0.0109010261685
d k:0.00991464129084
d affine:0.00968980103864
steihaug method:0.00968980103864
sufficient negative:0.00968980103864
the trust:0.00955722883872
unconstrained minimization:0.00944572421256
inexact newton:0.0089292794028
subspace trust:0.00847857590881
conjugate gradient:0.00825973519312
region subproblem:0.00799295676015
curvature direction:0.00773640072536
in fig:0.00768277115096
s k:0.00766976111525
modified cholesky:0.00730209491767
minimization iterations:0.00726735077898
reflection technique:0.00726735077898
of iterations:0.0072304624461
bound constrained:0.00714342352224
exact newton:0.00699383716513
for unconstrained:0.00691555418438
has large:0.00675260322931
fd k:0.00663120062173
subspace method:0.0065473968245
curvature is:0.00639378604076
large scale:0.00632328583647
if ae:0.00625380608827
ae k:0.00607400220034
of stir:0.00605612564915
cg iterations:0.00599471757011
active set:0.00581502125438
region method:0.00578969711893
scaling matrix:0.00562212219238
with inexact:0.00562212219238
k is:0.00559078730559
curvature information:0.00552600051811
full space:0.00552600051811
a subspace:0.00551702737382
minimization problems:0.00521262499935
that fd:0.00499559797509
subspace steihaug:0.00484490051932
subspace adaptation:0.00484490051932
subproblem 1:0.00484490051932
curvature problems:0.00484490051932
tir algorithm:0.00484490051932
iterations fig:0.00484490051932
up low:0.00484490051932
fx k:0.00484223506196
the lanczos:0.00484223506196
26 26:0.00468510182698
the unconstrained:0.00466313482362
as 3:0.00462992877262
of minimization:0.00456699002911
reflective newton:0.00442080041449
without reflection:0.00442080041449
unconstrained problems:0.00442080041449
when negative:0.00442080041449
zero up:0.00442080041449
region methods:0.00437432746032
convergence properties:0.00431733442395
21 21:0.00429351100571
method with:0.00427724533642
subspace s:0.00417262566724
then set:0.00404933480023
iteration count:0.00403519588497
nonlinear minimization:0.00399647838007
and subspace:0.00399647838007
limit point:0.0039821786828
1000 10000:0.00385979807929
scale bound:0.00385979807929
the affine:0.00380316480086
bound constraints:0.00374808146159
with exact:0.00372330357097
to bounds:0.00365359202329
our stir:0.00363367538949
updating trust:0.00363367538949
steihaug and:0.00363367538949
proposed stir:0.00363367538949
stir with:0.00363367538949
lancelot 8:0.00363367538949
fd gamma1:0.00363367538949
sbmin on:0.00363367538949
subproblem min:0.00363367538949
gammad gamma2:0.00363367538949
f gammad:0.00363367538949
positive curvature:0.00363367538949
