ffit:0.0660065731096
symplectic:0.0248141394619
hamiltonian:0.023394507305
poincar:0.0189893204761
psi:0.0182037480194
hairer:0.0129199870756
fields:0.00969397315251
giorgilli:0.0089951645099
pi:0.0084196522466
trajectory:0.00766294196624
map:0.00725090598764
benettin:0.00699623906326
diffeomorphisms:0.00632471849815
integrators:0.00612191736934
phi:0.00559762688925
backward:0.00544532843531
kutta:0.00541164490829
dt:0.00537102337453
deltax:0.00536034252237
runge:0.00536034252237
hyperbolic:0.00500468212723
serna:0.00499731361661
exponentially:0.00450424550226
analytic:0.0044874373561
reich:0.00423686589939
shadowing:0.00408127824623
sanz:0.00403749596113
fx:0.00388599334458
bracket:0.00368775455509
smooth:0.00366216763539
field:0.00365180794535
lubich:0.00364913815617
numerical:0.00361544656108
hain:0.00361412485608
dynamical:0.00358378057399
numerically:0.00332934983725
energy:0.00314845897276
ergodic:0.00303071345751
trajectories:0.00289183432517
taylor:0.00283177265507
subalgebra:0.0027795222465
surrey:0.00271059364206
kepler:0.00271059364206
calvo:0.00271059364206
averages:0.00269827877249
lie:0.00268327402954
differential:0.00258674051325
compact:0.00258674051325
ensemble:0.00250234106362
subspace:0.00248471796084
perturbed:0.00240529938864
flow:0.00240325230008
stuart:0.00236224859587
submanifold:0.00232964375681
integration:0.00232529453983
momentum:0.00225496333135
expansions:0.00217379088641
manifolds:0.00203430498304
complexified:0.00199892544665
jjrxh:0.00199892544665
meassure:0.00199892544665
neishtadt:0.00199892544665
higham:0.00193091019463
integrator:0.00193091019463
unpublished:0.00193091019463
angular:0.00190072360647
geometric:0.00187703690648
series:0.00183782547217
mixing:0.00182600056424
beyn:0.00180706242804
murua:0.00180706242804
stoffer:0.00180706242804
recursion:0.00179628817556
gonzalez:0.00179441631224
preserving:0.00177558296663
reversible:0.00175010688726
thetan:0.00174923879207
papers:0.00170671870638
diffeomorphism:0.00169474635976
durn:0.00169474635976
adiabatic:0.00169474635976
sufficiently:0.0016884617162
expansion:0.0016842348709
moser:0.00161499838445
hypersurface:0.00161499838445
cano:0.00161499838445
jj:0.00159548197012
deltae:0.00155309583787
family:0.00153115698678
modified:0.00152735175448
equations:0.00151184927877
anisotropic:0.00150140463817
numer:0.00145965526247
discretize:0.00142554270486
ergodicity:0.00138976112325
manifold:0.0013522838764
ae:0.00134675113937
mappings:0.00134201424787
unperturbed:0.00133386991635
multistep:0.00133386991635
algebra:0.00133075866224
me:0.0013197157002
orbits:0.00130960830869
involution:0.00128727346309
periods:0.00128538578914
divergence:0.00127488813295
conserved:0.00126657948583
intersections:0.00125403111926
discretization:0.00125168775326
deltas:0.00124729973912
integral:0.00123510035066
perturbations:0.00120264969432
odes:0.00119627754149
hai:0.00119627754149
stepsize:0.00118112429794
maps:0.00117493974757
conserving:0.00116673792484
chaotic:0.00116673792484
lebesgue:0.00115304354388
chaos:0.00115304354388
poisson:0.00114552494815
ernst:0.00113997673296
iterates:0.00112966184888
id:0.00110033910315
partitioned:0.00108751910253
motion:0.00108534616427
244:0.00107206850447
evolution:0.00106702550643
perturbation:0.0010529710845
truncation:0.00104331028666
qualitative:0.00102290108535
fes:0.000999462723323
ffitz:0.000999462723323
equistage:0.000999462723323
zuse:0.000999462723323
preted:0.000999462723323
tupper:0.000999462723323
guildford:0.000999462723323
hyett:0.000999462723323
scheurle:0.000999462723323
lew:0.000999462723323
initializers:0.000999462723323
14195:0.000999462723323
chus:0.000999462723323
portillo:0.000999462723323
propagator:0.000999462723323
szebehely:0.000999462723323
wulff:0.000999462723323
nettin:0.000999462723323
auerbach:0.000999462723323
jdtj:0.000999462723323
zare:0.000999462723323
brk:0.000999462723323
jjz:0.000999462723323
darve:0.000999462723323
hri:0.000999462723323
5xh:0.000999462723323
22time:0.000999462723323
fxn:0.000999462723323
izaguirre:0.000999462723323
benetttin:0.000999462723323
hrin:0.000999462723323
takustr:0.000999462723323
mathematics:0.000993280698125
singularity:0.000993154509575
reversal:0.000963944775055
estimate:0.000943096690476
interpolation:0.000938765814948
interpolating:0.000913000282119
rotating:0.000907206198199
hypersurfaces:0.000903531214021
zentrum:0.000903531214021
frechet:0.000903531214021
diffeomorphic:0.000903531214021
gu2:0.000903531214021
integrat:0.000903531214021
1803:0.000903531214021
recusion:0.000903531214021
macromolecules:0.000903531214021
homoclinic:0.000903531214021
discretizations:0.000901522584263
drift:0.000901522584263
thousand:0.000895945143496
plotted:0.000894898275459
det:0.000890469824632
pp:0.000875834019178
2n:0.000875834019178
globally:0.000863496276781
mechanics:0.000854705503486
x4:0.000854705503486
submanifolds:0.000847373179878
statist:0.000847373179878
warming:0.000847373179878
ffr:0.000847373179878
1499:0.000847373179878
1117:0.000847373179878
hyperbolicity:0.000847373179878
hampton:0.000847373179878
iiia:0.000847373179878
1143:0.000847373179878
vector fields:0.0316318772967
psi ffit:0.0262918923923
modified vector:0.0230054058433
poincar e:0.0217889848041
flow map:0.0179928166206
vector field:0.0175732651648
fields x:0.0126511860888
real analytic:0.0122653096779
e map:0.0122653096779
backward error:0.012006489207
time average:0.0114513907951
o ffit:0.0109549551635
a symplectic:0.0108438737904
error analysis:0.0104896207495
the poincar:0.0101698841981
the modified:0.0100407693858
symplectic method:0.00999600923367
i ffit:0.00985945964712
one flow:0.00985945964712
map psi:0.00943485359839
hamiltonian system:0.00899640831031
size ffit:0.00876396413077
method psi:0.00876396413077
field z:0.00876396413077
ffit p:0.00876396413077
giorgilli 5:0.00876396413077
d dt:0.00875914257198
fx i:0.00864405888193
step size:0.00816829478325
the hamiltonian:0.0081424873638
i g:0.00803910196977
the lie:0.00791274223394
pi 0:0.00785475847378
subspace g:0.00766846861442
ffit and:0.00766846861442
x ffit:0.00766846861442
by hairer:0.00766846861442
numerically computed:0.00743512544314
numerical method:0.00714119466121
map phi:0.00699720646357
symplectic methods:0.00699720646357
sequence fx:0.00698989766026
ffit is:0.00660439751887
benettin giorgilli:0.00657297309808
all ffit:0.00657297309808
ffit 0:0.00657297309808
ffit i:0.00657297309808
runge kutta:0.00638456626096
fields on:0.00610925659072
modified equations:0.00610925659072
partitioned runge:0.0059976055402
the numerical:0.00591788962288
phi t:0.00578287534466
phase space:0.00578287534466
r n:0.0057150089637
e return:0.00566091215903
phi ffit:0.00547747758173
exponentially long:0.00547747758173
by benettin:0.00547747758173
sanz serna:0.00547747758173
a poincar:0.00547747758173
time one:0.00545603854933
hamiltonian systems:0.0054219368952
time averages:0.0054219368952
sufficiently small:0.00508786461603
subset g:0.00508494209905
phi 1:0.00504236768112
order p:0.00504236768112
x psi:0.00499800461684
ensemble average:0.00499800461684
e section:0.00499800461684
the shadowing:0.00499800461684
exact trajectory:0.00499800461684
deltax i:0.00495675029543
of backward:0.00484566509185
taylor series:0.00481734031594
x i:0.0047175944306
hamiltonian h:0.0047174267992
over exponentially:0.0047174267992
the vector:0.00466345017035
d d:0.00458273337942
corresponding subset:0.004518280746
lie algebra:0.00450806582153
let us:0.0044798374234
dynamical systems:0.00443364117445
flow maps:0.00438198206539
pi example:0.00438198206539
global poincar:0.00438198206539
hairer 16:0.00438198206539
lie bracket:0.00438198206539
e hyperbolic:0.00438198206539
hairer lubich:0.00438198206539
uniformly hyperbolic:0.00438198206539
hamiltonian vector:0.00438198206539
lubich 18:0.00438198206539
g i:0.00435549846381
step method:0.00432202944096
a smooth:0.00423315080066
differential equations:0.00419205209214
report 26:0.00399840369347
perturbed hamiltonian:0.00399840369347
