proximal:0.0572927231661
bregman:0.0406789558248
paramonotone:0.0211997474422
inexact:0.0132288586308
vip:0.0128459860499
fy:0.012829978037
monotone:0.0120671750734
fx:0.0107325993789
pseudomonotonicity:0.00927488950597
lim:0.009160831073
subproblems:0.00806900339955
convergence:0.0074929937297
rf:0.00747349238253
convex:0.00699435909431
converges:0.00689968985338
subsequence:0.00520978446151
variational:0.00485702910786
dom:0.00484144504441
int:0.0047454539783
subproblem:0.00463791942194
converging:0.00458424928133
h2:0.00404530643576
operators:0.00402569605543
zone:0.0038903327388
complementarity:0.0035870993055
generalized:0.00349485338663
tolerance:0.00340784021305
maximal:0.0033863060815
maximality:0.00313162465065
interior:0.00296830170747
constructive:0.00295931814513
operator:0.00293607065749
monotonicity:0.00283971266801
consistency:0.00267213763026
bdry:0.00264996843028
paramonotonicity:0.00264996843028
nonlinear:0.00256013701971
accumulation:0.00253758183461
inequality:0.00238205634773
invertible:0.00226616015642
regularization:0.00225348628192
penalization:0.00224671928521
nc:0.00221661952238
corollary:0.00209235273396
implementable:0.00203947632787
proposition:0.00201207111727
h1:0.00195985895774
enlargement:0.00188584430594
hilbert:0.00183928137013
nonempty:0.00177200832963
convexity:0.00176004662253
criterion:0.00172126634991
hybrid:0.00162125824091
item:0.00160498449566
classical:0.00157877177822
items:0.00154812010281
extraneous:0.00154674036113
differentiable:0.00153304228855
iterates:0.00149758873771
fk:0.00149469847651
minimization:0.0014845209057
onto:0.00145453175575
convergent:0.00144472308345
lemma:0.00143366932753
inequalities:0.00134061178053
subsequences:0.00133753710797
fu:0.00133432767432
domonotonicity:0.00132498421514
extragradient:0.00132498421514
civeness:0.00132498421514
esolvantes:0.00132498421514
zepkowitz:0.00132498421514
produits:0.00132498421514
pseudomono:0.00132498421514
malachi:0.00132498421514
converge:0.00131422663874
projections:0.00127802356299
consequence:0.00127285722882
shall:0.00126411718764
boundedness:0.00125118978012
structurally:0.00123434597873
stronger:0.00121887664058
fd:0.0012103612611
boundary:0.00120815134384
proximit:0.00119780815085
dualit:0.00119780815085
rachford:0.00119780815085
defintion:0.00119780815085
corrigendum:0.00119780815085
mentable:0.00119780815085
coer:0.00119780815085
coerciveness:0.00119780815085
martinet:0.00119780815085
censor:0.00119780815085
hilbertien:0.00119780815085
nonnegative:0.00118636349457
projection:0.00115348352101
divergence:0.00112674314096
successives:0.00112335964261
variationelles:0.00112335964261
infinis:0.00112335964261
reich:0.00112335964261
simeon:0.00112335964261
satisfying:0.00110483364784
pseu:0.0010704988375
yael:0.0010704988375
unboundedness:0.0010704988375
subdifferentials:0.0010704988375
stands:0.00103963313257
unconstrained:0.00103688385457
proper:0.00103175524819
regularisation:0.00102946684341
nonexpansive:0.00102946684341
rockafellar:0.00102946684341
lagrangians:0.00102946684341
vergence:0.000995916789508
summable:0.000967529922418
espace:0.000967529922418
inequations:0.000967529922418
subdifferential:0.000967529922418
contradiction:0.000953776240133
subgradient:0.00094292215297
orthant:0.00094292215297
oe:0.000939841839423
iterate:0.000934547350046
limit:0.000921713576866
inexactly:0.000921200715217
tone:0.000921200715217
coercive:0.000921200715217
coincides:0.000919022934297
newton:0.000919022934297
para:0.000901756034793
erators:0.000901756034793
lev:0.000901756034793
yair:0.000901756034793
dans:0.000901756034793
exact:0.000885146686587
regarding:0.000882091037753
legendre:0.000853266950011
erty:0.000839549983599
interiors:0.000839549983599
sequences:0.000834793051706
diverges:0.000826770437411
divergent:0.000814807206042
triangular:0.000808395222024
superfluous:0.000803561233072
banach:0.000803561233072
ond:0.000803561233072
closed:0.000799778364496
auxiliary:0.000799569001463
approximate:0.000783845714741
summations:0.000782906162662
strengthening:0.000782906162662
things:0.000782408204823
decreasing:0.000779859462997
weaker:0.000776826198801
rid:0.000773370180567
unifies:0.000773370180567
consideration:0.000767252790888
globally:0.000763155983621
assumptions:0.000757597358046
awkward:0.00075563157162
supposing:0.00075563157162
polyhedron:0.00075563157162
passing:0.000732847695841
additionally:0.000729357838439
bounded:0.000716070735899
hypothesis:0.000704325794792
facts:0.000700131438711
impossibility:0.000697702069239
gradient:0.000695425214401
splitting:0.000693088755045
gramming:0.000679825442622
deltai:0.000668768553986
reversing:0.000668768553986
technical:0.000663044988465
distance:0.000659804184013
whole:0.000659804184013
feasible:0.000654096810964
equa:0.000653286319246
schwarz:0.000648388789801
ri:0.000643611700666
218:0.000638949098055
imple:0.000634395458652
easiest:0.000625594890062
douglas:0.000621338724535
strictly:0.000614752771916
imposed:0.000613417476035
prop:0.000605180630551
ready:0.00060156708115
124:0.000601340032219
hull:0.000601340032219
194:0.000593875661924
fv:0.000593875661924
admissible:0.000590246356448
cone:0.000586682207511
inf:0.000586682207511
proving:0.000582372354075
xi:0.000576357385682
verified:0.00057301935408
proximal point:0.0431289983055
generalized proximal:0.0331306777167
k g:0.0257428033908
fx k:0.0241926822031
fy k:0.023594877069
bregman function:0.0185531795214
bregman functions:0.0185531795214
vip t:0.0174283195033
the proximal:0.0164286059287
maximal monotone:0.0136374770645
int c:0.0117776458719
convergence consistency:0.0116188796689
paramonotone operators:0.0116188796689
j g:0.0105627071713
point method:0.0101350654674
g converges:0.0101211681308
of proximal:0.0100066524251
point algorithm:0.00992306399234
monotone operators:0.00958422184567
rf is:0.00958422184567
of bregman:0.00927658976069
dom t:0.00925643968345
k j:0.00919668330978
is paramonotone:0.00871415975166
bregman distance:0.00871415975166
proximal subproblems:0.00871415975166
of vip:0.00871415975166
the bregman:0.00871415975166
sequence fx:0.0082372445062
converges to:0.00821505659735
a bregman:0.00795136265202
t c:0.00761414105754
with zone:0.00750498931881
of pseudomonotonicity:0.00726179979305
inexact generalized:0.00726179979305
proximal subproblem:0.00726179979305
for paramonotone:0.00726179979305
x 2:0.0072325528523
variational inequality:0.00720758894293
inequality problem:0.00718816638425
any x:0.00704180478089
inexact solution:0.00694232976259
converging to:0.00671763110616
g is:0.00663788605131
r n:0.00656648069333
error tolerance:0.0064495871156
monotone operator:0.00642417047557
convex function:0.0062503721578
definition 2:0.00620736096191
is bounded:0.00607458429488
of rf:0.00599013865354
2 t:0.00592212831753
follows that:0.00582353721322
s converging:0.00580943983444
point methods:0.00570469602441
proximal method:0.00530090843468
that lim:0.00529039064772
holds that:0.00523240368604
it follows:0.00523190026471
d f:0.00511252983169
classical proximal:0.00500332621254
the inexact:0.00483853644062
subsequence fx:0.00479211092283
that fy:0.00479211092283
whole sequence:0.00477496439307
is maximal:0.00472803473514
algorithm 1:0.00463876963631
also converges:0.00462821984173
the generalized:0.00459834165489
of definition:0.00453462055519
a convex:0.00447346360273
x k:0.00447050371941
some subsequence:0.004380961581
convergence result:0.00438049816051
satisfying items:0.00435707987583
inexact solutions:0.00435707987583
constructive error:0.00435707987583
proximal algorithms:0.00435707987583
exact generalized:0.00435707987583
same limit:0.00435707987583
sequence in:0.00432100289824
convergence of:0.00430664138036
solution of:0.00430036304951
corollary 4:0.00429244326843
of subproblems:0.00428278031705
accumulation point:0.00428278031705
the variational:0.00413460999681
2 x:0.0041084372151
zone s:0.00397568132601
tolerance criterion:0.00397568132601
proper closed:0.00397568132601
the maximality:0.00392543745454
