monteiro:0.0206178840229
phi:0.0183862641894
pang:0.014457002854
semidefinite:0.0143920751382
cl:0.0111694928492
complementarity:0.0109789098445
map:0.0107668147003
equilevel:0.00960166341407
homeomorphism:0.00644308875717
injective:0.00586609990556
deltay:0.00570527050018
monotone:0.00565309932269
interior:0.00540772476158
maps:0.00535108842773
theta:0.00507401324648
shindoh:0.00491175387476
lx:0.00480994829254
homeomorphically:0.00450121899105
cholesky:0.00446779713967
convex:0.00417027100267
deltax:0.00414279230285
shida:0.00409312822897
dom:0.00396911842962
1998:0.00391829286675
homeomorphic:0.0038658532543
affine:0.00372991133059
proposition:0.00335144269597
primal:0.00328313317374
kojima:0.00322154437858
jjj:0.00322154437858
tsuchiya:0.00312041760779
lim:0.00303444117284
nonlinear:0.00303167821781
subsection2:0.00289666643961
implication:0.00266781472679
cone:0.00256519684054
central:0.00245465651917
lemma:0.00239679675507
closed:0.00233128930503
psd:0.00225060949553
subsection:0.00223507796797
eigenvalues:0.00219842751438
alizadeh:0.00217726272348
verification:0.0021496432649
1997:0.0021221616972
1996b:0.00206140641109
zanj:0.00193111095974
acomo:0.00193111095974
converges:0.00191543222678
gamma1:0.00188140838431
fx:0.00187707959539
satisfying:0.00184028617454
letting:0.00176730506132
ambrosetti:0.00174575698438
prodi:0.00174575698438
gjd:0.00174575698438
weighted:0.00172724972902
shapiro:0.00171158115005
continuous:0.00169268974467
definite:0.00167431141007
specialization:0.00167033952711
dual:0.00163780939526
khk:0.00163725129159
definedness:0.00163725129159
cones:0.00161649818545
1996:0.0016014663759
haeberly:0.00156020880389
proper:0.00150374158786
hara:0.00150040633035
triangular:0.00147275421777
p1:0.00144845528452
consequences:0.00141524099795
nesterov:0.00141013577046
accumulation:0.00138690862391
fundamental:0.00138600116855
overton:0.00137427094073
onto:0.00136280652816
continuity:0.00131225398101
derivative:0.0013017409521
imply:0.00129290885686
matrices:0.00128832021287
identities:0.00125275464533
symmetric:0.00124486128813
lyapunov:0.00124360210478
metric:0.00124062232285
zhang:0.0012171304447
statements:0.00121282589527
duality:0.00121148752312
open:0.00119338652002
p2:0.00119221741215
sturm:0.00118754858185
a1:0.00116184923721
tech:0.00115601586983
inclusion:0.00114856275595
compact:0.0011359018743
contradicting:0.00113341224333
nonsingular:0.00112793428452
p4:0.00112715579142
differentiable:0.00111717359775
establish:0.00110880093484
directional:0.00110666247496
corrector:0.00110130248558
spaces:0.00103720383996
newton:0.00100457909634
chapter:0.00100457909634
fl:0.00099767932771
matrix:0.000975630990502
technical:0.000966361281439
bound3:0.000965555479871
ass1:0.000965555479871
ass2:0.000965555479871
tec2nt2:0.000965555479871
plementarity:0.000965555479871
9700448:0.000965555479871
main1:0.000965555479871
proposnt:0.000965555479871
section2:0.000965555479871
main2:0.000965555479871
ineqtr:0.000965555479871
sdlcps:0.000965555479871
section1:0.000965555479871
jjjh:0.000965555479871
bound2:0.000965555479871
xyw:0.000965555479871
lyap:0.000965555479871
cor1:0.000965555479871
iii1:0.000965555479871
existence:0.000961251281074
inequality:0.000946841150106
contradiction:0.000926726889482
corollary:0.000914855871496
section3:0.000872878492188
9902010:0.000872878492188
kauk:0.000872878492188
eee:0.000872878492188
isye:0.000872878492188
pfor:0.000872878492188
section4:0.000872878492188
gatech:0.000872878492188
lemmas:0.000865451696167
b1:0.000860260216583
restricted:0.00084903065247
n1:0.00084494752124
singular:0.000840126728764
kg:0.000840017602853
0g:0.000825709216871
family:0.000821784313951
rheinboldt:0.000818625645794
9600343:0.000818625645794
30332:0.000818625645794
sdlcp:0.000818625645794
injectiveness:0.000818625645794
ramana:0.000818625645794
centers:0.000812068111487
properness:0.000780104401946
wolkowicz:0.000780104401946
hom:0.000780104401946
sdps:0.000780104401946
said:0.000772503328587
cited:0.000770677246554
infeasible:0.000763048004867
predictor:0.000763048004867
invariance:0.000759305035982
conclude:0.000756615104521
xy:0.000751956189683
cel:0.000750203165175
potra:0.000750203165175
ffv:0.000725754241159
vandenberghe:0.000725754241159
subsections:0.000724227642262
assumptions:0.000709821989916
conical:0.000705067885229
nemirovskii:0.000705067885229
homeomorphisms:0.000705067885229
eq:0.000704970570219
paths:0.000690107315453
conic:0.000687135470363
tun:0.000687135470363
kz:0.000687135470363
center:0.000686629220915
ortega:0.00067130641141
closedness:0.00067130641141
sdp:0.00067130641141
summarizes:0.000670523390392
analytic:0.000666953681698
convergence:0.00066186276478
deltaz:0.000657136493366
primer:0.000657136493366
triple:0.000653477177417
infinity:0.000653477177417
fu:0.000648242891332
topological:0.000638024945532
min:0.00063650641445
boyd:0.000632589615119
resp:0.000628122146965
gj:0.000621801052392
nlp:0.000621801052392
qualification:0.000621801052392
loan:0.000621801052392
normed:0.000611805090225
s n:0.0412410325049
theta s:0.0329416578336
assumption 2:0.0308396895533
the map:0.022598967368
monteiro and:0.0221256901497
of monteiro:0.0200524037793
and pang:0.0185490469946
cl v:0.0173179850821
phi v:0.0159618924822
pang 1998:0.0144852669205
map defined:0.0130997600001
x y:0.0124634883496
v theta:0.0119877551916
n theta:0.0115891901846
theta f:0.0112825931215
interior point:0.0111407480001
map phi:0.010622529075
equilevel monotone:0.010622529075
satisfying assumption:0.010622529075
phi x:0.0104384574262
semidefinite programming:0.0103103191076
z injective:0.00965684461367
local homeomorphism:0.00965684461367
y equilevel:0.00965684461367
u theta:0.00825333717263
k g:0.00823548954778
pair phi:0.00820325609153
complementarity problem:0.00811275305491
theta m:0.00802941083996
central path:0.0079809462411
assumption 1:0.00746260937098
nonlinear semidefinite:0.00729178319247
that h:0.007250270342
lim k:0.00715110249617
m n:0.00714543420015
for semidefinite:0.00687983658193
phi gamma1:0.00675979122957
map f:0.0066412491546
cholesky factor:0.00657224275425
of assumption:0.00657224275425
proper with:0.00638031029341
lower cholesky:0.0063499521033
pairs phi:0.0063499521033
gamma1 cl:0.0063499521033
hence assumption:0.0063499521033
that f:0.00601306774807
the complementarity:0.00600242703464
y k:0.00594570282919
pair satisfying:0.0057941067682
z bounded:0.0057941067682
easily see:0.00556717729398
is proper:0.00531299932368
fundamental map:0.00529162675275
where lx:0.00529162675275
n be:0.00526476699394
implication holds:0.00491241000005
by theta:0.00487128013223
point map:0.00482842230683
homeomorphically onto:0.00482842230683
lx is:0.00482842230683
homeomorphic maps:0.00482842230683
local homeomorphic:0.00482842230683
1997 1998:0.00482842230683
continuous map:0.00478856774466
follows from:0.00477921961324
that phi:0.00464887440822
statements hold:0.00458655772128
d holds:0.00458655772128
primal dual:0.00442871882698
m 0:0.00432658679813
upper cholesky:0.0042333014022
satisfy assumption:0.0042333014022
h gamma1:0.00423097242056
by phi:0.00423097242056
the pair:0.0042303884525
e follows:0.00421569249877
satisfies assumption:0.00421569249877
f x:0.00421414165484
complementarity problems:0.00417538297048
that theta:0.00417538297048
we easily:0.00417538297048
problem 1:0.00416128167267
of example:0.00401470541998
map h:0.00399047312055
is x:0.00394445644431
verification for:0.00394334565255
closed set:0.00394334565255
y z:0.00393326072558
an affine:0.00392213887864
let d:0.00389305221596
is z:0.00387691483518
g is:0.00386958786106
weighted central:0.00386273784547
semidefinite complementarity:0.00386273784547
maps phi:0.00386273784547
gamma1 k:0.00383044896589
following statements:0.00376303304033
of weighted:0.00376303304033
deltax deltay:0.00368761502496
n assumption:0.00364589159624
convex nonlinear:0.00364589159624
and tsuchiya:0.00364589159624
positive semidefinite:0.00361543641986
main result:0.003567733445
