calibration:0.0337445490896
camera:0.030676139777
conic:0.0268630334504
conics:0.0224899814934
projective:0.0200631683131
focal:0.0179335482309
motions:0.0168124426103
auto:0.0166945159024
cameras:0.0155367916979
optical:0.0144213731573
motion:0.0133460016134
intrinsic:0.0115227827879
centres:0.00995834722433
euclidean:0.00948761692154
skew:0.00922883113343
aoene:0.00893122070683
reconstruction:0.00888605247462
twisted:0.008544626039
absolute:0.00823745136767
omega:0.00815475797925
critical:0.00814700184858
pi:0.0079640448909
quadric:0.00793429560764
nity:0.00761520670096
axes:0.00672983654182
calibrated:0.00623987673356
hyperbola:0.00595414713789
axis:0.0058999393325
rotations:0.00586590914532
images:0.00581680583018
image:0.00565611902344
ambiguity:0.00541705968918
3d:0.00540718989626
plane:0.00536313187132
scene:0.00530789990283
subgroup:0.00499660659082
proposition:0.00476097667439
kruppa:0.00446561035341
rotation:0.00440891585901
ellipse:0.00427786094226
gurations:0.00409236509848
planes:0.00391283046941
elevation:0.00383436752224
viewing:0.00383085178241
unknown:0.00379892530371
lengths:0.00378744829837
uncalibrated:0.00372672867195
vanishing:0.00348924666315
vision:0.00343083180161
suoecient:0.00341030424874
aspect:0.00335110321174
principal:0.00305526597122
orthogonal:0.00291263971806
geometry:0.00288667007801
false:0.00279055672242
degeneracies:0.00272824339899
sturm:0.00269920347065
criticality:0.00266194905139
bundle:0.00259352521159
translations:0.00250286252024
proper:0.00246087721712
centre:0.00245340315482
dioeerent:0.00230052140784
xed:0.00226328048442
vanishes:0.00223953026488
duality:0.00220289182406
reconstructions:0.00219106715556
autocalibration:0.0021277383087
suoeciently:0.0021277383087
matrices:0.00208231066505
ned:0.00207482016927
coordinates:0.00206545168983
coeoecients:0.00204618254924
recover:0.00198034853371
quadrics:0.00197949799765
rst:0.00194628355527
guration:0.00192307586765
nes:0.00192307586765
dual:0.00191448539302
tangent:0.0019092931975
virtual:0.0018480172993
intersect:0.00181911920396
dac:0.00179234277808
irrelevant:0.00178236197717
ifalsej:0.00175570464549
bougnoux:0.00175570464549
invariance:0.00172583995276
envelope:0.00170566870131
supporting:0.00170289029295
ratio:0.00168848944874
speci:0.00168124426103
potential:0.00166343909474
nite:0.00165368228151
constraints:0.00164672484881
con:0.00161620335751
pencil:0.00159716943083
singling:0.0015871867082
translation:0.00158392660381
vanish:0.00155479690306
nd:0.00151151877164
ambiguous:0.00146859454937
intersecting:0.00146859454937
recovery:0.00145468406694
iii:0.00144179601629
eigenvalues:0.00142767168012
kahl:0.0014184922058
calibrations:0.0014184922058
constraint:0.00137663133654
angles:0.0013739498022
suoeces:0.00136412169949
projectively:0.00136412169949
fredrik:0.00131966533177
self:0.00130217971418
orientations:0.00128874653448
acs:0.00128205057844
singular:0.00127302748801
twofold:0.0012349814503
stereo:0.00122670157741
matrix:0.00120007594697
diagonalize:0.00119489518539
planar:0.00117402276217
frame:0.00116883757182
surfaces:0.00116473358727
ac:0.00116358468938
oe:0.00115640735513
de:0.00115119284322
rig:0.00115026070392
calibrate:0.00115026070392
coincident:0.00115026070392
projection:0.00114633990722
orientation:0.00113333692412
cf:0.00113269316289
dually:0.00113064346794
eigenvalue:0.00112898547819
signi:0.00111246744639
ae:0.00107534922902
imaging:0.00107265536582
parameterize:0.00106477962056
reconstructed:0.0010457774924
invariant:0.00104012072341
degenerate:0.0010205612481
degrees:0.00101603088927
perspective:0.00101603088927
poses:0.0010108928459
lie:0.00101005053634
transformations:0.00100675520078
subgroups:0.00100126918148
outside:0.00100088597997
homogeneous:0.000979899994189
practically:0.000974330062337
recovered:0.000961405220261
locus:0.000959981035932
satis:0.000950635764946
pose:0.000944767684074
visual:0.000940380851523
coordinate:0.000933880008493
ruled:0.000924508194237
ne:0.000917136563863
surface:0.000915313705695
180:0.00090955960198
geometries:0.000900820307212
insuf:0.000877852322744
onic:0.000877852322744
handbuch:0.000877852322744
krames:0.000877852322744
lenghts:0.000877852322744
optik:0.000877852322744
jiangjian:0.000877852322744
ortj:0.000877852322744
wilczkowiak:0.000877852322744
physiologischen:0.000877852322744
aeip:0.000877852322744
camerasmyampersandmdash:0.000877852322744
igef:0.000877852322744
foroosh:0.000877852322744
1880:0.000877852322744
hrlicher:0.000877852322744
gura:0.000877852322744
hammarstedt:0.000877852322744
spanne:0.000877852322744
ronda:0.000877852322744
criticalities:0.000877852322744
reformulates:0.000877852322744
valds:0.000877852322744
vieth:0.000877852322744
aeips:0.000877852322744
martinec:0.000877852322744
ifarj:0.000877852322744
semide:0.000877852322744
parameterization:0.000852834350657
modulo:0.000840283101735
ii:0.000827653656272
resolve:0.000827645211696
triangular:0.000803388767097
rank:0.000799715339761
rotating:0.000796821181733
uniquely:0.00079453805501
xiaochun:0.0007935933541
calibr:0.0007935933541
calibrage:0.0007935933541
auto calibration:0.0356008103286
critical motions:0.0259789696993
intrinsic parameters:0.0238194810204
calibration constraints:0.0221302334475
pi 1:0.0184178794798
absolute conic:0.0166812197812
potential absolute:0.0163571290699
absolute conics:0.0163571290699
optical axis:0.0150071610576
unknown focal:0.0131693840378
focal lengths:0.0119053460123
the optical:0.0112586162556
the camera:0.0108945620313
zero skew:0.0107727373804
aspect ratio:0.0106479066271
unit aspect:0.0105840246923
optical axes:0.0105355072302
focal length:0.0104956400895
the intrinsic:0.0100134229766
proposition 5:0.00964903864309
twisted pair:0.00962184062936
camera centres:0.00962184062936
two cameras:0.00943271467442
in nity:0.00922131910929
principal point:0.00919854477895
motion is:0.0088190566431
false absolute:0.00865965656643
omega f:0.0084319993807
c f:0.00836763851488
proper virtual:0.00769747250349
on pi:0.0074580489557
self calibration:0.00725593436493
constant intrinsic:0.00673528844055
conics on:0.00673528844055
euclidean structure:0.00669922903699
the auto:0.00669922903699
a motion:0.00664173309309
the conic:0.00634951787322
critical motion:0.00614571255095
the true:0.00584579741666
omega 1:0.00580474749195
skew and:0.00580474749195
outside pi:0.00577310437762
conic omega:0.00577310437762
critical w:0.00577310437762
aoene reconstruction:0.00577310437762
at in:0.00570644841612
motions for:0.00567465791341
i omega:0.00562317821222
is critical:0.00558524654882
camera matrices:0.00555582813907
the plane:0.00519642779584
viewing direction:0.0051288251219
plane at:0.00488323643646
the critical:0.00482113734462
supporting plane:0.00481092031468
true absolute:0.00481092031468
critical con:0.00481092031468
pair duality:0.00481092031468
motions are:0.0046193896071
con gurations:0.00459927238947
a euclidean:0.0045510331917
camera motion:0.00448772198166
reconstruction from:0.00448609989791
euclidean reconstruction:0.00446615269132
arbitrary rotations:0.00438979467925
the kruppa:0.00438979467925
conic is:0.00438979467925
the focal:0.00437358305395
projective transformation:0.00435356061896
viewing directions:0.00414336053094
calibrated cameras:0.00414336053094
3 theta:0.00405418369377
of camera:0.00402640140136
axes are:0.00395947680609
the image:0.00390656846323
kruppa constraints:0.00384873625175
conics outside:0.00384873625175
image conics:0.00384873625175
rotations around:0.00384873625175
skew unit:0.00384873625175
rst camera:0.00384873625175
equal eigenvalues:0.00384873625175
subgroup conditions:0.00384873625175
vanishing skew:0.00384873625175
the motion:0.00368206242297
the cameras:0.00354666119588
r t:0.00351261310916
critical with:0.0035118357434
arbitrary translations:0.0035118357434
proper subgroup:0.0035118357434
critical surfaces:0.0035118357434
true one:0.0035118357434
given pi:0.0035118357434
conic in:0.00331468842475
their optical:0.00331468842475
theta 3:0.00331171581763
