csp:0.0260523986448
arc:0.0107504624822
commutativity:0.0101960574564
consistency:0.00982443639413
apt:0.00809908487184
hyper:0.00719038232461
orderings:0.00706996091564
hc:0.00703478349656
constraint:0.00700636411389
gi:0.00683730216406
inflationary:0.00657843887938
fixpoint:0.00629148600648
directional:0.00574290899324
ordering:0.00556901023015
propagation:0.00538189651379
domains:0.00524789916551
comm:0.00524768048894
darc:0.00438431789504
oe:0.0043792437339
directionally:0.00423700381494
componentwise:0.00417766929425
cartesian:0.0038668046113
commute:0.00385631011777
subsequence:0.00369406307685
cdc:0.00365887593603
compound:0.00365088765084
od:0.00362790568251
si:0.00347777478961
cdi:0.00339728362728
monotonic:0.00327179847661
commutes:0.00325158878772
dechter:0.00320151644403
dpath:0.00313165563931
instantiate:0.0030424063757
satisfaction:0.00284479751662
monfroy:0.0028310696894
dpc:0.0028310696894
cd:0.00269895638552
update:0.00262930058201
idempotent:0.002590604069
semi:0.0025298973705
benhamou:0.00250532451145
ety:0.00250532451145
inflationarity:0.00250532451145
gennari:0.00250532451145
normalized:0.0024937364143
fixpoints:0.00246206815893
mohr:0.0023538910083
subcase:0.00234492783219
counterpart:0.00226098559323
cg:0.00211404571212
virtue:0.00210707120108
canonic:0.00202413503981
enjoys:0.001978857645
y1:0.00195410652682
pearl:0.00195410652682
rosella:0.00187899338359
zg:0.00187417160319
yg:0.00182789278512
chaotic:0.00182789278512
ac:0.00182643075874
supplementary:0.00170507049933
dac:0.00170507049933
y2:0.00167178671027
notions:0.00165478995391
generic:0.00146202551202
pc:0.00143161998787
fx:0.00142054907461
lm:0.00139810800144
iteration:0.00138775134314
lemma:0.00135541498024
mackworth:0.0013371815803
x1:0.00126896862508
henderson:0.0012538400327
subdefinite:0.00125266225573
masini:0.00125266225573
terminates:0.00123431778997
consistent:0.00120212701446
binary:0.0011625512026
notion:0.00115607640644
bistarelli:0.00113242787576
relations:0.00110310004121
dn:0.00110269781777
iff:0.00108225066192
clarify:0.00106524182587
stabilizes:0.00104858100108
additionally:0.00103432066363
suffices:0.00101488651207
idempotence:0.00101206751991
altavista:0.00101206751991
constraints:0.00101042020895
shall:0.000995931290907
pages:0.000995413192792
6j:0.000989428822501
corollary:0.000989072649149
semiring:0.000973275185872
montanari:0.000973275185872
rossi:0.000973275185872
subsets:0.000951490109098
schemes:0.000923405998194
path:0.00092159169392
dispense:0.000914718984008
fbg:0.000914718984008
rephrased:0.000891454386866
x2:0.000883536707997
explain:0.000881951643801
krzysztof:0.000870918576023
respective:0.000847576389428
bucket:0.000847432791368
termination:0.000844406039543
deal:0.000841748922082
analogous:0.000835805107622
brand:0.00082068938631
lex:0.000806692857263
partial:0.000802182940757
precedes:0.000798931369401
clarified:0.00079372460761
cx:0.00079372460761
clarifies:0.000781642610729
specializations:0.000781642610729
hits:0.00075749581239
193:0.00074245456755
inclusions:0.000714386736226
iterations:0.000708886874298
ii:0.000702994432281
universal:0.000699140222851
xm:0.00069905400072
appending:0.00069185252269
fix:0.000686005199205
monotonicity:0.000671177972478
fp:0.000671177972478
assumptions:0.000665084850502
conforming:0.000659619215001
instantiating:0.000653808984877
schedulers:0.00064817906579
reformulation:0.00063741673637
loop:0.000636621115202
sebastian:0.000632264985366
subsequences:0.000632264985366
fu:0.000630747859219
refinement:0.000627441836941
abbreviate:0.000627254649563
pg:0.000627254649563
cardg:0.000626331127863
constraing:0.000626331127863
weakermyampersandrdquo:0.000626331127863
4413:0.000626331127863
coincideg:0.000626331127863
widenings:0.000626331127863
ushakov:0.000626331127863
dei:0.000626331127863
realpaver:0.000626331127863
granvilliers:0.000626331127863
potent:0.000626331127863
telerman:0.000626331127863
consistence:0.000626331127863
stabilization:0.000622377973294
relational:0.000618368875642
twenty:0.000611170141352
pi:0.000608806746261
dg:0.000604073172585
reversal:0.000604073172585
tuple:0.000599178267349
constituent:0.000595561161221
presentation:0.00058886611988
elimination:0.00058563103028
derive:0.00057803820322
triples:0.000572147898161
informally:0.000571103251777
ignoring:0.000571103251777
solver:0.000571103251777
2344:0.00056621393788
reoccur:0.00056621393788
gac:0.00056621393788
panangaden:0.00056621393788
phrase:0.000564955194245
ln:0.000558028785441
bg:0.000554659179376
product:0.000549310490598
melbourne:0.000548095831877
projection:0.000545261314386
197:0.000541753250713
xn:0.000535616436208
domain:0.000534275768533
reduction:0.000534039432334
noted:0.000533603237135
differs:0.000533044662619
fc:0.000532620912934
saraswat:0.000531021504944
marriott:0.000531021504944
agation:0.000531021504944
elimina:0.000531021504944
zhendong:0.000531021504944
dalmau:0.000531021504944
consequently:0.000530705857588
fairness:0.000526767800269
138:0.000523907300039
62:0.000518845603584
argument:0.000517082023585
played:0.000515573948174
hyper arc:0.0185348614941
constraint propagation:0.0172220344644
arc consistency:0.0154009579839
csp p:0.0150332495509
partial orderings:0.013459660797
path consistency:0.0131255207885
csp s:0.0116700979778
normalized csp:0.0116700979778
reduction ordering:0.0112749371632
propagation algorithms:0.0107069546962
p oe:0.0106685947976
the functions:0.0103387509213
apt 1:0.0102971452745
a csp:0.00931822670562
functions f:0.00929359592743
f z:0.00894581730933
its variables:0.00881318700668
w r:0.00851838647872
update g:0.00827709953323
the gi:0.00827709953323
arc algorithm:0.00823771621962
common fixpoint:0.00823771621962
the considered:0.00792413036633
fixpoint of:0.00765655379327
x y:0.00762676084977
gi algorithm:0.00755123986798
directional path:0.00755123986798
directional arc:0.00751662477545
componentwise ordering:0.00751662477545
r t:0.00726767900427
consistency algorithm:0.00708508649192
f u:0.00702195579649
in apt:0.0068902393775
domain reduction:0.00686476351635
the hyper:0.0066864872194
arc consistent:0.00650343534754
constraint c:0.00624072140477
consistent w:0.00617828716471
compound domains:0.00617828716471
si algorithm:0.00617828716471
semi commutativity:0.00617828716471
least element:0.00607293127879
the componentwise:0.00595008597202
the si:0.00591221395231
domains d:0.00591221395231
on x:0.00589229130698
the variables:0.00586296372786
partial ordering:0.00569824549992
binary constraints:0.00569447187566
ordering oe:0.00566262998961
a normalized:0.00562300198702
g d:0.00551753716227
constraint reduction:0.00549181081308
considered csp:0.00549181081308
commutativity lemma:0.00549181081308
semi commutes:0.00549181081308
cdc algorithm:0.00549181081308
with scheme:0.00532099255707
path consistent:0.00532099255707
a constraint:0.00519210582157
the commutativity:0.00516936742099
the domains:0.00515965698264
cartesian product:0.00504376944033
considered functions:0.00501108318364
comm g:0.00501108318364
from f:0.00492560793975
d v:0.00486834206043
scheme s:0.00486679758917
x z:0.00484817053586
the cdc:0.00472977116184
p c:0.00472347904761
oe on:0.00451418273393
generic iteration:0.00438469778568
ac 3:0.00438469778568
linear ordering:0.00430550861609
commutes with:0.00423737094117
constraint satisfaction:0.00417871336661
the ac:0.00414143409139
list l:0.00414099600824
of commutativity:0.00413854976661
cdi algorithm:0.00411885810981
monotonic w:0.00411885810981
oe hc:0.00411885810981
u x:0.0040984659042
a subsequence:0.00409707021751
the least:0.00409071427028
of functions:0.00404925619971
local consistency:0.00404862085252
the cd:0.00396384099273
ordering d:0.00396384099273
subsequence x:0.00396384099273
with schemes:0.00396384099273
t oe:0.00393824390563
variables of:0.00393056048526
functions from:0.00387290482292
variables x:0.00385803931785
the constraint:0.00385338801516
the csp:0.00382827689664
path algorithm:0.00379840842075
1 function:0.00376184602482
