marketing:0.0374539693082
movie:0.0176442338252
customer:0.0145195104803
movies:0.0132716777183
social:0.0127362964264
ratings:0.0122424161972
mining:0.0121818818554
customers:0.0114886436712
ltering:0.0106731238697
eachmovie:0.0105644670448
collaborative:0.0100389406346
rating:0.0078888306863
prot:0.00642699163143
viral:0.00603683831131
uence:0.00602486033055
rated:0.00587081320194
her:0.00512778995608
prots:0.00511820476832
marketed:0.0046904142778
neighbors:0.0046488934049
people:0.00462094444168
advertising:0.00451601015534
elp:0.00447842917228
sigkdd:0.00430519849028
inactive:0.00383980374279
protable:0.00383865357624
web:0.00366304507423
eects:0.00351417249458
market:0.00347162414549
genre:0.00340316618177
mined:0.00340166715604
discovery:0.00323466110917
discount:0.00312116410902
hill:0.00308956186256
users:0.00305875976927
srecent:0.00301841915565
network:0.00291536104435
markets:0.00286884219865
yk:0.00283597181814
item:0.00274221150573
greedy:0.00273171013185
revenue:0.00272870199207
grouplens:0.00272870199207
buying:0.00268506433539
database:0.00266487258671
probabilities:0.00258534842325
friends:0.00256783973164
discounted:0.00255378128011
climbing:0.0025006352245
networks:0.00249115962938
causal:0.00246044580479
peer:0.00242826873471
gibbs:0.00240582745802
person:0.00236210367872
markov:0.00227685202087
heckerman:0.00226877745451
kleinberg:0.00226877745451
phoaks:0.00226381436674
labeling:0.00218454874533
lift:0.00217639977893
companies:0.00215173583234
jx:0.00206797422982
referral:0.00204652649405
correlation:0.00200518645562
bin:0.00198104032094
intrinsic:0.00198100451479
jensen:0.00196927539234
relaxation:0.00196357015212
estimating:0.00195386448528
attributes:0.00194083258898
demographic:0.00191932678812
neville:0.00191932678812
scenarios:0.00187598799695
communities:0.00187460505422
profit:0.0018472392225
training:0.00184158844733
bayes:0.00180650397829
mass:0.00178024534585
online:0.00177316083987
sites:0.00177316083987
buy:0.00176179862429
eld:0.00175746128914
stars:0.00174111982314
sampling:0.00172935427857
votes:0.00170252085341
bought:0.00170158309088
she:0.0016601852796
dierent:0.00165381530886
uences:0.00165308243947
hyperlinks:0.00165308243947
seattle:0.0016455968984
bins:0.0016343393579
neighbor:0.00162932957158
databases:0.00162221430196
purchases:0.00161103860123
eect:0.00160425641365
domingos:0.0015106285655
siteseer:0.00150920957783
referralweb:0.00150920957783
yolum:0.00150920957783
buzz:0.00150920957783
hotmail:0.00150920957783
lambdamoo:0.00150920957783
munindar:0.00150920957783
cobot:0.00150920957783
9585:0.00150920957783
getoor:0.00150920957783
imdb:0.00150920957783
lise:0.00150920957783
relational:0.00149002370828
jk:0.00148823806171
faloutsos:0.00145785735259
dierence:0.00144827811169
wa:0.00143506616343
chakrabarti:0.00143442109933
recommendation:0.00143442109933
individuals:0.0014154589065
lifetime:0.00141500322485
1996:0.001408032474
million:0.001383487733
scenario:0.00137935054385
ik:0.00136990029887
breese:0.00136435099604
konstan:0.00136435099604
belle:0.00136435099604
theater:0.00136435099604
yongseog:0.00136435099604
xiaodan:0.00136435099604
recommend:0.00136131792317
incentive:0.0013548030466
signicantly:0.00134462802538
items:0.00132252765359
christos:0.00132134896822
illinois:0.00132069354729
inference:0.00131315841717
oer:0.00130583986736
jon:0.00130583986736
flake:0.00127955119208
riedl:0.00127955119208
filtering:0.00126654345705
naive:0.00126654345705
observational:0.00125031761225
usa:0.00124477774415
chicago:0.00124232870769
tenth:0.00123582474502
postings:0.00121934063828
oering:0.00121934063828
campaign:0.00121934063828
miner:0.00121934063828
discovering:0.00121684295986
pedro:0.00121413436736
ve:0.00121068409729
pages:0.00119927547716
released:0.00119860510089
publicly:0.00119206549784
fared:0.00117260356945
tomers:0.00117260356945
hyperlinked:0.00117260356945
jiawei:0.00117260356945
who:0.00116704631996
eectively:0.00116152221762
specic:0.00115862248935
august:0.00114902560999
commerce:0.00114263086552
recommendations:0.00114263086552
email:0.00114247226642
newsgroups:0.00113438872726
leverages:0.00110205495965
hypertextual:0.00110205495965
promotional:0.00110205495965
jennifer:0.00109964888481
univariate:0.00108390238697
nd:0.00108275548752
cus:0.00107402573416
pass:0.00106257681344
opportunities:0.00105116487173
authoritative:0.00104928415495
uenced:0.00104928415495
tering:0.00104928415495
internet:0.00104926612327
action:0.00104848448694
learning:0.00104465464627
company:0.0010406792819
spread:0.00103819529938
alpha:0.00103394687436
dependency:0.0010313482188
alberta:0.00102742522415
mine:0.00102713589266
recommender:0.00102713589266
provost:0.00102713589266
andrew:0.00101323476564
mouth:0.00100708571033
levine:0.00100708571033
pearson:0.00100708571033
oered:0.00100708571033
ten:0.0010002212857
minutes:0.00099726362572
com:0.000990001350566
smoothed:0.0009847408861
actions:0.000972719642979
collaborative ltering:0.0173577220158
social networks:0.011397074638
network value:0.0107520729163
direct marketing:0.00997244030828
marketing to:0.00981088635675
data mining:0.00944745428183
of marketing:0.00886920727875
the movie:0.00836360085293
a customer:0.00784217290321
network eects:0.00744374278818
in uence:0.00719070184378
social network:0.00679215209313
viral marketing:0.00661666025616
the ratings:0.00593022374803
x i:0.00586634980821
p x:0.00584141596107
marketed to:0.00578957772414
acm sigkdd:0.0052239047622
markov random:0.00519014418743
market to:0.00498622015414
marketing action:0.00496249519212
discounted movie:0.00496249519212
mass marketing:0.00496249519212
the eachmovie:0.00496249519212
ltering system:0.00496249519212
r i:0.00492856632812
a social:0.00487787172554
a movie:0.00487787172554
all movies:0.00452810139542
sigkdd international:0.00448749512478
relaxation labeling:0.00447889669803
customer s:0.00447087614877
the network:0.00439035550305
the customer:0.00433822579385
ltering systems:0.0041354126601
in prot:0.0041354126601
inactive people:0.0041354126601
lifetime value:0.0041354126601
a collaborative:0.00410897248216
the marketing:0.0040934802825
other customers:0.0040934802825
for mining:0.0040346257968
knowledge discovery:0.00401013102409
m i:0.00389145313481
mining august:0.00388802545507
greedy search:0.00374227144133
single pass:0.0036331009312
on knowledge:0.00356325892074
customer i:0.00356158582438
the collaborative:0.00351817795031
customers and:0.00340352145541
discovery and:0.00336923740528
to market:0.00335315711158
marketing actions:0.00330833012808
the advertising:0.00330833012808
ve stars:0.00330833012808
ltering database:0.00330833012808
marketing is:0.00330833012808
hill greedy:0.00330833012808
greedy single:0.00330833012808
advertising scenario:0.00330833012808
movie s:0.00330833012808
collaborative filtering:0.00329456874891
the rating:0.00329456874891
i jx:0.00329456874891
jx i:0.00319921192716
hill climbing:0.00314818108501
r j:0.00307289527817
user i:0.00304866982847
to ve:0.00301873426362
network values:0.00301873426362
r ik:0.00301873426362
random eld:0.00301873426362
r jk:0.00301873426362
pass direct:0.00301873426362
movies in:0.00301873426362
intrinsic value:0.00301873426362
gibbs sampling:0.00298700030462
to her:0.00288187556914
dependency networks:0.00284926865951
ratings are:0.00284926865951
lift in:0.00284926865951
naive bayes:0.0028362678795
customer is:0.0028362678795
customers to:0.00279429759298
the customers:0.00275542502177
david jensen:0.002728986855
bayes model:0.002728986855
the item:0.00267556280832
which customers:0.00263565499912
rating of:0.00263565499912
conference on:0.00262626464063
dierent marketing:0.00248124759606
mining social:0.00248124759606
by marketing:0.00248124759606
less probabilities:0.00248124759606
s rating:0.00248124759606
profit hill:0.00248124759606
eachmovie collaborative:0.00248124759606
eachmovie database:0.00248124759606
observational databases:0.00248124759606
social net:0.00248124759606
