hpf:0.0548409600956
zpl:0.0472317645716
apr:0.026818293551
f90:0.024703607518
compiler:0.0169708948461
forall:0.0167652128497
compilers:0.0160191963126
pgi:0.0130616373053
mpi:0.0123906002846
ep:0.0120259561607
directives:0.0118550363338
portability:0.00957597436158
nas:0.00914016001593
mg:0.00895172792434
npb2:0.00817472848355
ibm:0.00754421613466
fortran:0.00702378947585
ft:0.00695251260012
benchmarks:0.00622968745488
subroutine:0.00618095220055
dependences:0.00595511509288
loop:0.00578707322206
parallelize:0.00569269612816
benchmark:0.00556314164375
loops:0.00550234330036
arrays:0.00506610459457
parallelized:0.00492345035839
portable:0.00441998520884
parallelization:0.00403469501401
array:0.00383434239099
speedup:0.00383234770965
fft:0.00355906949179
sp2:0.00336420345086
secs:0.00332954627528
npb1:0.00301422399352
strided:0.00286008798699
scalar:0.00275486689578
language:0.00273077951647
recv:0.0026818293551
platforms:0.00263766827681
dependence:0.00257934037629
directive:0.00240519123214
compiling:0.00235882069932
optimizations:0.00235713951694
vectorizing:0.00234194764322
bcast:0.00234194764322
adhere:0.00229199491578
subroutines:0.00221114284447
communication:0.00206159798983
chamberlain:0.00205141664732
bradford:0.00205141664732
norm2u3:0.00200948266235
snyder:0.0019747874003
syntax:0.00196951665761
programs:0.00195676371815
calls:0.00195183831906
scalable:0.00191608518319
implementations:0.00188426439135
sequential:0.00186815327432
barrier:0.00186699782478
multigrid:0.00184752513701
suite:0.00183229290674
replicated:0.00182589973207
weathersby:0.00181660632968
fftpde:0.00181660632968
allreduce:0.00181660632968
irecv:0.00181660632968
vendors:0.00180389342411
deviates:0.00175934998131
lawrence:0.00172820395309
90d:0.0017036970702
transpose:0.00167183025697
languages:0.00165640440263
versions:0.00160770880365
parallelizable:0.00160165580597
capability:0.00158203195404
derrick:0.00156129842882
intrinsics:0.00156129842882
xlf:0.00156129842882
eun:0.00146736435211
collective:0.00143307163089
constitutes:0.00137107130884
correction:0.00135999544887
restructuring:0.00135942588992
calvin:0.00131652493354
constructs:0.00131629273127
indication:0.00131232069095
overhead:0.00130966778459
foremost:0.00129407212766
successful:0.00128816738926
dimension:0.00126054605529
default:0.00123346237033
nonblocking:0.00121868800212
scales:0.00121706676974
differences:0.00121486687534
batch:0.00120900142307
parallelizing:0.00120900142307
dot:0.00120293131583
batches:0.00120259561607
correlate:0.00118736234148
parallelism:0.00118586649668
predictable:0.00117941034966
send:0.00114476360381
intrinsic:0.00113042926149
challenge:0.00112543809006
sung:0.00110984875843
count:0.00110778871248
processors:0.00110426960175
distribute:0.00110037136746
vienna:0.00109874132466
stencil:0.00108804524313
fourier:0.00107208165065
alias:0.00103978912819
redistribution:0.00102252452692
mimd:0.00101426024477
across:0.00100894649532
lewis:0.00100622281657
scriptive:0.00100474133117
middlecoff:0.00100474133117
rprj3:0.00100474133117
klepacki:0.00100474133117
wijngaart:0.00100474133117
2736:0.00100474133117
pgi_do:0.00100474133117
hmg:0.00100474133117
pgi_f90:0.00100474133117
9504:0.00100474133117
58877:0.00100474133117
126775:0.00100474133117
apr_f90:0.00100474133117
resid:0.00100474133117
spotchecks:0.00100474133117
cfft3:0.00100474133117
cfftz:0.00100474133117
psinv:0.00100474133117
transcriptive:0.00100474133117
kapf:0.00100474133117
govett:0.00100474133117
ibm_f90:0.00100474133117
258048:0.00100474133117
apr_do:0.00100474133117
ibm_do:0.00100474133117
intended:0.00100177695608
platform:0.000980420538081
difficulty:0.000972854160892
seed:0.000962129707409
success:0.000951797541624
considerable:0.000936394285258
fortunately:0.000929751452146
passing:0.000926202693655
choi:0.000923762568504
grid:0.000912341902642
incompatible:0.000911997558245
embar:0.000908303164839
embarrassingly:0.000908303164839
conversative:0.000908303164839
objectivity:0.000908303164839
unhindered:0.000908303164839
annuli:0.000908303164839
xlhpf:0.000908303164839
preallocation:0.000908303164839
recoded:0.000908303164839
expressly:0.000908303164839
4041:0.000908303164839
alltoall:0.000908303164839
partition:0.000906310969845
innermost:0.000906283926613
recognize:0.000906170948402
processor:0.000903988278326
express:0.000896089626755
programmer:0.000893158793596
owner:0.000879238650663
principal:0.000874222212405
statistics:0.000871864192659
metric:0.000860647610023
lin:0.000858939592421
rely:0.000852330629254
scalarized:0.000851848535102
xhpf:0.000851848535102
6x:0.000851848535102
pghpf:0.000851848535102
christopher:0.000849683482979
concise:0.000845024871536
contract:0.000841154598904
washington:0.000838246237184
published:0.000826765015925
pseudo:0.000812742280062
isend:0.00081176395516
compil:0.00081176395516
detailing:0.00081176395516
delineation:0.00081176395516
deitz:0.00081176395516
availabil:0.00081176395516
supplementing:0.00081176395516
congruential:0.00081176395516
adjusting:0.000806000948715
unpredictable:0.000806000948715
notable:0.000806000948715
limitation:0.000804495707575
conservative:0.000804495707575
the hpf:0.0240841749133
f90 forall:0.0209243602878
the apr:0.0200976198993
hpf compilers:0.0180209113601
the zpl:0.0143166675653
do loop:0.0141385864949
the compilers:0.0138019055012
apr compiler:0.0132153854449
loop version:0.0132153854449
forall version:0.0132153854449
data parallel:0.0120276278254
scalar performance:0.0100488099497
the ibm:0.00992194208204
npb2 1:0.00991153908367
the compiler:0.00912308459163
the f90:0.00770897484286
ibm compiler:0.00770897484286
performance model:0.00768512400952
class s:0.00715121388185
the arrays:0.00694973591971
the loop:0.0068304432001
the do:0.00679781735224
hpf directives:0.00663928313268
the npb2:0.00660769272245
hpf f90:0.00660769272245
the pgi:0.00660769272245
and zpl:0.00660769272245
the mpi:0.00643609249367
directives are:0.00614152678122
of hpf:0.00596376862252
parallel language:0.00587027329076
hpf programs:0.0058134215308
pgi compilers:0.00550641060204
for ep:0.00550641060204
mg class:0.00550641060204
and pgi:0.00550641060204
apr s:0.00550641060204
pgi compiler:0.00550641060204
hpf do:0.00550641060204
the communication:0.00537263177448
the benchmarks:0.00536428451271
d fft:0.00526416581247
hpf compiler:0.00526416581247
class a:0.00512913020342
all compilers:0.00502440497484
to parallelize:0.00487542962206
time secs:0.00487126076512
3 d:0.00478051683466
parallel languages:0.00446481678785
the portability:0.00446481678785
the array:0.0044361194385
hpf s:0.00440512848163
ft class:0.00440512848163
zpl is:0.00440512848163
zpl compiler:0.00440512848163
zpl version:0.00440512848163
not parallelize:0.00440512848163
ep class:0.00440512848163
ep mg:0.00440512848163
scalable performance:0.00438680484373
parallelize the:0.00434485917668
the program:0.00425788218803
the nas:0.00397726937975
mpi calls:0.00379387607582
each compiler:0.00379387607582
do loops:0.00377656519569
version is:0.0037549991589
in hpf:0.00372068065654
1 d:0.00371773147222
d distribution:0.00363371769309
the scalar:0.00359411027439
performance fortran:0.0035332180615
compilers we:0.00350944387498
loop to:0.00347788321637
the language:0.00343515137734
ibm sp2:0.00341950300655
loop bounds:0.00338533898495
version the:0.00338253770721
compiler may:0.00332195516046
processor grid:0.00332195516046
vectorizing the:0.00330384636122
three nas:0.00330384636122
size class:0.00330384636122
apr f90:0.00330384636122
forall programs:0.00330384636122
recv barrier:0.00330384636122
program portability:0.00330384636122
all hpf:0.00330384636122
s directives:0.00330384636122
directives were:0.00330384636122
portability problem:0.00330384636122
ibm f90:0.00330384636122
strided region:0.00330384636122
zpl s:0.00330384636122
compilers achieve:0.00330384636122
hpf reduction:0.00330384636122
compiler does:0.00324750717674
compilers in:0.00324750717674
ibm and:0.00324750717674
mpi and:0.00324750717674
