trajectory:0.0346357315161
complementarity:0.024654908815
cp:0.0233629359971
gowda:0.0210682081613
kojima:0.0163262066268
noma:0.0163108708345
continuation:0.0149962696558
boundedness:0.0141189068053
semimonotone:0.012912772744
homotopy:0.0129124522895
megiddo:0.0116075959762
tihonov:0.00815543541727
sol:0.00732066748884
ravindran:0.00686453175422
sznajder:0.00679619618106
yoshise:0.0066408184682
facchinei:0.00633821117897
monotone:0.00618957480498
fx:0.00572523688067
regularization:0.00549039677375
nonempty:0.00545346100203
tawhid:0.00543695694485
hotta:0.00543695694485
nonemptyness:0.00543695694485
interior:0.00532882292055
univalent:0.00518580914643
subtrajectory:0.00491510107813
isac:0.00475733732674
1991:0.00475097915566
strictly:0.00420430713369
kanzow:0.00403340711389
feasible:0.00402604365963
exceptional:0.00399091011054
pareto:0.00392026132972
subsequence:0.00374113167536
pang:0.00370027709003
fle:0.0036863258086
continuous:0.00329932566484
weakly:0.0031910717179
scalar:0.00310571077608
unbounded:0.00305564700196
zhao:0.00304492138487
1997:0.00298742589582
existence:0.00287550770433
mizuno:0.00283504997775
lemke:0.00274543652222
1998:0.00264762699498
kx:0.00244035220202
1999:0.00242675155559
oe:0.00241034928828
deduce:0.00238529174174
trajectories:0.00229413781639
1989:0.00229054645709
ffi:0.00227498092407
nonlinear:0.0021338887672
harker:0.00203885885432
mclinden:0.00203885885432
limiting:0.00200889516711
burke:0.00198508724517
norm:0.00196624521523
qi:0.00187678899523
central:0.00186064742825
2000a:0.0018431629043
monteiro:0.00181402295854
1993:0.00180165834672
1990:0.0017616113479
omega:0.00173615387692
solvability:0.00172250999737
converges:0.00168525442817
properness:0.00164726191333
deltay:0.00160629351264
compact:0.00159904058153
2n:0.00158814389037
fl:0.00154490695482
sup:0.0014952124639
deltax:0.00145798091433
gammafl:0.00141752498888
bounded:0.00139920651994
continuity:0.00138547225099
variational:0.00138405517494
zhang:0.00137071063487
burmeister:0.00135923923621
howson:0.00135923923621
chen:0.00135295222778
differentiable:0.00131056355588
accumulation:0.00130159316439
convergence:0.00128111854186
theta:0.00122887384332
venkateswaran:0.00122877526953
1980:0.00120369958604
smoothing:0.00120347675649
ye:0.00116275054661
noting:0.00116039669716
contradicts:0.00113613770876
1996:0.00112721432325
weak:0.00112721432325
ncp:0.00109817460889
tracing:0.00104349002989
regularized:0.00100526374668
inequality:0.000999670916261
weaker:0.00099613700777
lemma:0.000994908430465
convergent:0.000988049154627
xu:0.000975232600463
orthant:0.000967299664681
lcp:0.000945016659251
prominent:0.000943416297396
coincides:0.000942782575825
implication:0.000938889200878
map:0.000913056852715
lloyd:0.000890513951
1965:0.000890513951
gamma1:0.000882836926032
formulation:0.000882542331661
slice:0.000848135190763
converge:0.000842627214083
sufficiently:0.000835002595967
contradiction:0.000815361970193
mor:0.000803146756319
xy:0.000793912192182
destroying:0.000784052265945
continuously:0.000771953118488
tseng:0.000766670573264
injective:0.000750715598091
luc:0.000735967427313
theorems:0.000727691025914
restrictive:0.00071003286673
newton:0.000707086931869
uniqueness:0.000707086931869
1978:0.00070332638689
componentwise:0.000697401074541
inequalities:0.00068763541173
matrix:0.000686711406025
fails:0.0006848068758
wright:0.000680621713383
fischer:0.000680621713383
samll:0.000679619618106
jectory:0.000679619618106
equationb:0.000679619618106
cuhk358:0.000679619618106
chks:0.000679619618106
cottle:0.000679619618106
cotlle:0.000679619618106
rheinholdt:0.000679619618106
aliaho:0.000679619618106
deltayc:0.000679619618106
96p:0.000679619618106
tyness:0.000679619618106
arbitrariness:0.000679619618106
univalence:0.000679619618106
nonemp:0.000679619618106
extreme:0.000660907446919
mild:0.000660251093134
verify:0.000655501285508
worth:0.000652289576154
satisfied:0.000639842739488
2000:0.000636641966942
losing:0.000620826458641
guanglu:0.000614387634767
sard:0.000614387634767
bimatrix:0.000614387634767
gongyun:0.000614387634767
2000b:0.000614387634767
minf0:0.000614387634767
prob:0.000610724469957
imply:0.000606687888898
jacobian:0.000601849793021
showed:0.000601324728203
uniformly:0.000600112672985
path:0.000590909720384
editor:0.000587845823045
li:0.000582152820731
mapping:0.000578210375438
allgower:0.00057620101627
maxf0:0.00057620101627
lems:0.000571585404786
multifunction:0.000549087304444
semicontinuity:0.000549087304444
sapienza:0.000549087304444
unboundedness:0.000549087304444
exclude:0.000537081922764
reformulations:0.000510832189861
elicited:0.000510832189861
pathways:0.000510832189861
viewed:0.000507442536058
ae:0.00049951119118
index:0.000492976834197
satisfying:0.000485741606731
toh:0.000483649832341
tikhonov:0.000483649832341
iterate:0.000479354173343
families:0.000479354173343
sides:0.000475041615288
minimal:0.000473011024301
coercive:0.000472508329625
established:0.00046511307382
fu:0.000456274751096
rem:0.000453505739634
verifiable:0.0004452569755
theo:0.000437663295973
cp f:0.0428200615176
complementarity problems:0.0240000772367
solution set:0.022466733232
r n:0.0212431833753
strictly feasible:0.0201689316803
continuation trajectory:0.0178773002803
boundedness of:0.0159347155217
and gowda:0.0156426377453
the trajectory:0.014444246692
of cp:0.0141136042395
kojima megiddo:0.0141136042395
and noma:0.0134079752102
feasible condition:0.0134079752102
condition 1:0.0131060625469
sol cp:0.0126630876985
the boundedness:0.0124683674836
condition 4:0.0121320359453
system 8:0.0106412967154
p 0:0.0104583930192
0 function:0.0104455717946
noma 1991:0.0104284251635
interior point:0.0101936377761
p function:0.0100883313046
megiddo and:0.00983112639491
proposed trajectory:0.00968353765183
gowda 1997:0.00968353765183
ravindran and:0.00968353765183
homotopy continuation:0.00951556922613
theta r:0.0093555629713
is bounded:0.00898007880617
p complementarity:0.00893865014015
tihonov regularization:0.00893865014015
fx k:0.00843741400565
0 complementarity:0.00819376262847
gowda and:0.00819376262847
2 0:0.00811372389913
central path:0.00786418850933
complementarity problem:0.00778642894232
existence and:0.00772850854151
and boundedness:0.00771460629174
a p:0.00767494533928
is nonempty:0.00762629317591
trajectory is:0.00753243066663
and yoshise:0.00749131748127
exceptional sequence:0.00744887511679
k g:0.00740655488362
continuation methods:0.00730246075866
nonempty and:0.0072554295787
feasible point:0.00699439990472
the strictly:0.00693867185854
entire trajectory:0.00679683516152
norm solution:0.006740733008
non interior:0.00670398760511
pareto minimal:0.00670398760511
h exceptional:0.00670398760511
semimonotone function:0.00670398760511
weakly univalent:0.00670398760511
linear complementarity:0.00664144284
the solution:0.00658171438147
a solution:0.00633858361056
f is:0.0061973335939
kojima et:0.00611715164537
x k:0.00601869304223
for cp:0.00595910009343
tawhid 1999:0.00595910009343
regularization trajectory:0.00595910009343
and tawhid:0.00595910009343
the homotopy:0.00576255190867
2 r:0.00574800269709
path following:0.00555093748683
least element:0.00549138929802
0 1:0.00544750059361
sznajder and:0.00521421258175
gowda 1998:0.00521421258175
yoshise 1991:0.00521421258175
nonemptyness and:0.00521421258175
to cp:0.00521421258175
the nonemptyness:0.00521421258175
trajectory generated:0.00521421258175
fx 2:0.00484227685712
the existence:0.00480783106635
zhao and:0.00475778461306
and bounded:0.00471679782059
oe h:0.00467185736539
a continuous:0.00465811969827
a least:0.00465274655576
n theta:0.00458825039663
that x:0.00451998067329
limiting behavior:0.00449069225804
continuous semimonotone:0.00446932507007
new homotopy:0.00446932507007
weak pareto:0.00446932507007
facchinei and:0.00446932507007
noma and:0.00446932507007
the tihonov:0.00446932507007
megiddo noma:0.00446932507007
homotopy formulation:0.00446932507007
bounded for:0.00445298838698
