hypergraph:0.0408835244531
transversal:0.030446699113
branching:0.0226292012072
mintr:0.0165432179177
ffn:0.012786445915
psi:0.0118880582771
rossmanith:0.0113734623184
transversals:0.0113734623184
niedermeier:0.0103395111986
branchings:0.00916736228746
hypergraphs:0.00844447863094
6737:0.007237657839
vertex:0.00648714729548
6538:0.00620370671915
mintrnonr:0.00620370671915
mintrexp:0.00620370671915
subcase:0.0060893398226
hitting:0.00559407008782
vertices:0.00552445490241
edges:0.00541029313908
6316:0.00516975559929
4656:0.00413580447943
fxg:0.00385478464616
jhj:0.00380583738913
yg:0.00380583738913
kullmann:0.00366694491499
hyperedges:0.00366694491499
fx:0.00348097343411
gammaff:0.00319661147876
4143:0.00310185335957
robson:0.00310185335957
tur:0.00310185335957
6484:0.00310185335957
branches:0.003002594379
cardinality:0.00293746583752
dominated:0.00293746583752
continous:0.00275020868624
270:0.00256985643077
reductions:0.00253011053783
rank:0.00251426859348
parameterized:0.00246247017404
edge:0.00240287180254
poly:0.00234280947832
zg:0.00228350243348
jt:0.00224391788927
loops:0.00217815017422
maximally:0.00216146514129
jv:0.00216146514129
dualization:0.00206790223972
stavropoulos:0.00206790223972
vales:0.00206790223972
kavvadias:0.00183347245749
hyperedge:0.00183347245749
tree:0.00180880297676
ff:0.00180116169489
worst:0.00179871219296
polynomial:0.00171412414176
branch:0.00170884755911
6k:0.00169603436325
pick:0.00168701955513
running:0.0016539117406
recursion:0.00160325988402
exponential:0.00160103261768
qn:0.00146012587333
removed:0.00142252270164
spent:0.00136364337683
delta:0.00134037731802
return:0.00130444086977
uniform:0.00128507053704
ordinary:0.00128260790721
runs:0.0012481677503
care:0.00123234586778
covered:0.00122019488253
loop:0.00120945246294
cover:0.00112819952965
ae:0.00112802186609
mining:0.00110154968907
sat:0.00110076228527
remember:0.00108968221321
coloring:0.00108073257065
filling:0.00108073257065
formulas:0.00106445525065
correctness:0.0010479689127
overestimated:0.00103395111986
cugs:0.00103395111986
6316n:0.00103395111986
hypergraps:0.00103395111986
fzg:0.00103395111986
caen:0.00103395111986
meier:0.00103395111986
transver:0.00103395111986
60962n:0.00103395111986
60962ne:0.00103395111986
berge:0.00103395111986
solveff:0.00103395111986
intractabil:0.00103395111986
dinality:0.00103395111986
nieder:0.00103395111986
19228:0.00103395111986
6538n:0.00103395111986
disjunctive:0.00101002436735
tuple:0.000975670251474
intractability:0.000950622287703
phylogeny:0.000916736228746
domination:0.000916736228746
phylogenies:0.000916736228746
monotonously:0.000916736228746
deltan:0.000916736228746
sal:0.000916736228746
you:0.000887431181935
minimal:0.000863255882554
stirling:0.000848017181624
confronting:0.000848017181624
moser:0.000848017181624
sweden:0.000848017181624
damaschke:0.000848017181624
fyg:0.000848017181624
gammaq:0.000848017181624
filled:0.000833081728865
monotone:0.000823051671032
similarities:0.000823051671032
proven:0.000821866501607
labelled:0.000813266114466
caching:0.000803712249803
eiter:0.000799152869689
d0:0.000799152869689
fvg:0.000799152869689
obeying:0.000799152869689
helper:0.000799152869689
mishra:0.000799152869689
reduc:0.000799152869689
formula:0.000763409155886
tricks:0.000761167477825
pitt:0.000761167477825
asymptotics:0.000761167477825
holland:0.000761167477825
351:0.000761167477825
gottlob:0.000761167477825
min:0.000745688968694
article:0.000742428814488
turned:0.00073436645938
moon:0.000730062936663
subcases:0.000730062936663
deals:0.000711058780823
lengthy:0.000703706552578
hg:0.000703706552578
listen:0.000703706552578
ceiling:0.000703706552578
smallest:0.000702047473816
approximating:0.000681821688415
biggest:0.000680825296083
settle:0.000680825296083
occuring:0.000680825296083
assignment:0.000676172845501
balance:0.000667903394763
calculated:0.000663614154905
divisions:0.000660598035763
calculating:0.000654407237834
biology:0.000642464107694
fills:0.000642464107694
catches:0.000642464107694
mathematics:0.000641303953607
finding:0.000639839963051
modification:0.000618901937772
337:0.000610981276631
halting:0.000610981276631
graphs:0.000608996186248
reach:0.000606518352165
maximal:0.000594295435622
concrete:0.000586548586403
reached:0.000582226578972
catch:0.000572236748738
overly:0.000572236748738
school:0.000560979472316
eg:0.000560979472316
beforehand:0.000560979472316
imperfect:0.000560979472316
spends:0.000560979472316
evolutionary:0.000560979472316
regardless:0.000558644722326
trick:0.000550381142635
tries:0.000547911001072
degree:0.0005471564719
consideration:0.000546883251298
lem:0.000540366285323
fe:0.000540366285323
leaf:0.00053740179565
temporarily:0.000530871677491
graduate:0.000530871677491
polynomially:0.000530871677491
thorough:0.000530871677491
motivation:0.00052203311546
np:0.00052203311546
labels:0.000517010116472
subgraphs:0.000513237093345
car:0.000513237093345
ity:0.000513237093345
linking:0.000513237093345
afterwards:0.000505012183674
seeks:0.000505012183674
branching number:0.0299305951942
2 edges:0.0212427331726
a hypergraph:0.0174209251171
psi k:0.0172676510736
minimum transversal:0.0149652975971
the branching:0.0138735345583
hypergraph h:0.0134436308479
and rossmanith:0.0126629441206
the hypergraph:0.0124095053981
o 1:0.0117518060902
niedermeier and:0.0115117673824
the transversal:0.0103605906442
3 uniform:0.0103605906442
a transversal:0.00930712904855
branching numbers:0.00920941390592
running time:0.00911631056488
hitting set:0.00805823716768
transversal hypergraph:0.00805823716768
mintr h:0.00805823716768
1 6737:0.00805823716768
psi 0:0.00805823716768
hypergraph with:0.00805823716768
for case:0.00799287611363
f h:0.00774207721613
case 4:0.00774207721613
h is:0.00754749168637
hypergraph is:0.0073351263651
1 6538:0.00690706042944
number branching:0.00690706042944
4 subcase:0.00690706042944
uniform hypergraph:0.00690706042944
subcase d:0.00690706042944
number cases:0.00690706042944
rossmanith s:0.00690706042944
edge fx:0.00690706042944
o 2:0.0062612916316
transversal of:0.00620475269904
branching tree:0.00620475269904
independent sets:0.00593712113467
exponential space:0.00579347268345
transversal in:0.0057558836912
6316 n:0.0057558836912
transversal problem:0.0057558836912
smallest transversal:0.0057558836912
hypergraph problem:0.0057558836912
1 6316:0.0057558836912
3 hitting:0.0057558836912
uniform hypergraphs:0.0057558836912
fx yg:0.0057558836912
mintr 0:0.0057558836912
h 0:0.0052193181732
r h:0.00521125741296
for branching:0.0051706272492
rank 3:0.0051706272492
polynomial space:0.00508896097258
2 edge:0.00508896097258
poly n:0.00482789390287
in h:0.00482390384459
d 2:0.00476707306003
a vertex:0.00473752048388
vertex x:0.00467546736261
runs in:0.00465819898923
1 4656:0.00460470695296
minimal transversals:0.00460470695296
mintrnonr h:0.00460470695296
of mintr:0.00460470695296
6538 n:0.00460470695296
transversal t:0.00460470695296
gammaff n:0.00460470695296
ordinary graphs:0.00460470695296
6737 1:0.00460470695296
k formula:0.00460470695296
2 270:0.00460470695296
0 k:0.00451004917741
the algorithm:0.00450244324879
of psi:0.00439542084802
in o:0.00435235483407
edges are:0.00428518235666
case analysis:0.00427759004061
of h:0.00427051694873
1 gammaff:0.00413650179936
final case:0.00413650179936
for psi:0.00413650179936
the tree:0.00412926337082
0 ae:0.00410992861507
v 0:0.0040733198587
worst case:0.00406602827686
of cardinality:0.00389622280217
vertex cover:0.0038623151223
dominated by:0.00378320175885
the running:0.00377588948009
their algorithm:0.00366650574909
with vertices:0.00365093014693
cases 1:0.00346003616007
jt r:0.00345353021472
use exponential:0.00345353021472
1 6484:0.00345353021472
transversal and:0.00345353021472
fxg 2:0.00345353021472
algorithm mintr:0.00345353021472
mintrexp is:0.00345353021472
1 4143:0.00345353021472
case branching:0.00345353021472
maximally reduced:0.00345353021472
loop fxg:0.00345353021472
only polynomial:0.00345353021472
