ospf:0.0276668400709
heurospf:0.0166354501279
routing:0.0121810547535
unitospf:0.0115523959222
arcs:0.0111832991166
arc:0.0101774673762
invcapospf:0.0101661084115
flow:0.00992153060369
utilization:0.00853219732985
worldnet:0.00831772506396
phi:0.00763307045067
jxj:0.00757223997447
weight:0.00690609433296
capacity:0.00611693453436
randomospf:0.00600724587953
demand:0.00593968331546
tabu:0.00568496713787
opt:0.00544468004914
backbone:0.0053158946182
waxman:0.00462095836887
shortest:0.00458580884839
weights:0.00426466188027
canonical:0.00422069532403
capacities:0.00417778757212
destination:0.00417556766866
opt0:0.00415886253198
neighborhood:0.00410255955421
max:0.00397431553516
hashing:0.00392345064828
clause:0.00377358228683
diversification:0.00369676669509
mpls:0.00369676669509
paths:0.00354703564715
a2a:0.00334703625555
5000:0.00330395844065
demands:0.00328517585149
3sat:0.00327767908321
274:0.0031450216755
loads:0.00293609128218
splitting:0.00291594994891
packet:0.00275968540417
evenly:0.00274035186336
satisfiable:0.00273848420909
oblivious:0.00266863070164
611:0.00265712408147
inapproximability:0.00265298466434
load:0.00256539914793
hardness:0.00252314825698
uncap:0.00231047918443
going:0.00224008656988
traffic:0.0021111067583
units:0.00205648784133
zegura:0.002048549427
routings:0.002048549427
links:0.00201171615804
90:0.00197722653351
psi:0.00193201404628
hash:0.00193020932998
cycling:0.0018870130053
heuristic:0.00187836520684
fx:0.00186686968232
np:0.0018664660233
2jxj:0.00184838334755
calvert:0.00184838334755
cisco:0.00182565613939
internetworks:0.00178579628682
congested:0.00177141605431
flows:0.00173921074491
commodity:0.00172278931071
settings:0.00164175515389
outgoing:0.00154596510658
heuristics:0.00151265266553
splits:0.00148929128777
zemel:0.00138628751066
l2ospf:0.00138628751066
optospf:0.00138628751066
woodruff:0.00138628751066
52ff:0.00138628751066
search:0.00138511399302
literals:0.00137626268563
synthetic:0.00124258879074
recommended:0.00122988809542
rodrigues:0.0012291296562
router:0.00118629201796
collisions:0.00118629201796
internet:0.00115807978184
escape:0.00114852620714
descent:0.00114688557136
astad:0.00113699342757
dijkstra:0.00111913570909
leading:0.00110910393741
visited:0.00110352049557
projected:0.00110352049557
congestion:0.00107777343865
701:0.00107147777209
clauses:0.00106507610635
1997:0.0010485304216
graphs:0.00103426116416
glover:0.00102054821332
optimizing:0.00100314568559
setting:0.000994384253231
assignment:0.000982139402427
leaving:0.000973463936826
inversely:0.000949033614369
ramakrishnan:0.000943506502651
moves:0.000924253450136
normalized:0.000924253450136
jjxj:0.000924191673773
aly:0.000924191673773
otchel:0.000924191673773
ffc:0.000924191673773
tecchiolli:0.000924191673773
wess:0.000924191673773
capacitated:0.000924191673773
arcs2610140:0.000924191673773
arcs261014:0.000924191673773
bley:0.000924191673773
concrete:0.000917495799812
network:0.000894760508388
115:0.000888723030858
iv:0.00088059543875
intra:0.000875209848573
1993:0.00083870403527
optimize:0.000834397660136
iterations:0.00082980327617
uncapacitated:0.000819419770801
resorted:0.000819419770801
awduche:0.000819419770801
jp:0.000819183515327
balancing:0.000811672177698
path:0.000805270679898
incoming:0.000802993782434
gap:0.000794173075019
goes:0.000785591615814
occurrences:0.000763722121649
1996:0.000763085427601
x2x:0.000757995618382
rexford:0.000757995618382
evening:0.000757995618382
battiti:0.000757995618382
tables:0.000755714182881
associate:0.000749012391962
sent:0.000745056633623
exploration:0.000744645643883
sat:0.000737932857254
node:0.000730344657834
clever:0.000724505267355
proportional:0.000715537217515
gammaffi:0.000714318514728
pretty:0.000714318514728
vx:0.000714318514728
guiding:0.000714318514728
morning:0.000714318514728
stays:0.000711775210776
objective:0.000710153766935
maximal:0.000708277058512
gets:0.000705793414717
split:0.00069202928673
tx:0.000680365475546
jq:0.000680365475546
scalings:0.000680365475546
optimality:0.000670963228216
secondary:0.00066361602163
hard:0.000657221170154
800:0.00065640738643
nodes:0.000654867100701
spreads:0.00065256284793
sx:0.00065256284793
attributes:0.000648974081873
encountered:0.000642668455867
link:0.000632488712808
distance:0.00062993888507
fi:0.00062911825296
primes:0.000629004335101
distances:0.000624176993302
drawback:0.000622289894106
piecewise:0.000611039380249
vendor:0.000608552046464
protocol:0.000607156796133
scaled:0.000603173359515
leaf:0.000600442147931
approaching:0.000590472018104
winner:0.000590472018104
networks:0.000590356113351
cope:0.000587218256435
arriving:0.000587218256435
schemes:0.000585745370942
solutions:0.000579901032488
207:0.000559567854547
1979:0.000559567854547
00:0.000558792475217
decrease:0.000552341818727
closer:0.000550372149219
unit:0.000550325186117
spots:0.000546122343551
jn:0.000546122343551
jennifer:0.000546122343551
universal:0.000539971210496
ff:0.000536652913136
hour:0.000533726140327
max utilization:0.0221822714032
weight setting:0.0174909127466
ospf routing:0.0129396583186
local search:0.011567084559
canonical flow:0.0108032108141
general routing:0.0102887722039
t x:0.00933545477072
unitospf heurospf:0.0092598949835
t worldnet:0.00874545637331
worldnet backbone:0.00823101776311
the ospf:0.00739409046775
of flow:0.00738145635199
ospf weight:0.00720214054272
jxj units:0.00668770193253
to t:0.0063991853185
search heuristic:0.00617326332234
phi a:0.00606442184616
p c:0.00595992200001
the flow:0.00591593544803
proposed at:0.00565882471214
tabu search:0.00554556785081
at t:0.00548375933987
shortest paths:0.00544327080896
our local:0.00532662982339
cost function:0.00531740407657
demand matrix:0.00514438610195
invcapospf unitospf:0.00514438610195
weight settings:0.00508343719658
w a:0.00501515679061
f x:0.00483029419826
v x:0.00481769152854
opt0 20:0.00462994749175
heurospf opt0:0.00462994749175
611 4:0.00462994749175
90 90:0.00462994749175
demand invcapospf:0.00462994749175
opt figure:0.00462994749175
utilization demand:0.00462994749175
heurospf opt:0.00462994749175
clause c:0.00432130276591
q x:0.00425090428989
optimal general:0.00415917588811
above capacity:0.00411550888156
setting problem:0.00411550888156
each arc:0.00399533508842
s x:0.00391697095705
function phi:0.00388348626645
4 max:0.00388348626645
weight equal:0.00388348626645
20 611:0.00388348626645
the max:0.00383835730304
an arc:0.00383835730304
shortest path:0.00382314444407
psi a:0.00369704523387
even splitting:0.00369704523387
c fx:0.00369704523387
the neighborhood:0.00368411705124
routing problem:0.00367329515009
normalized cost:0.00360107027136
optimal ospf:0.00360107027136
cost demand:0.00360107027136
non canonical:0.00360107027136
a satisfiable:0.00360107027136
demand unitospf:0.00360107027136
90 274:0.00360107027136
waxman graphs:0.00360107027136
arc a:0.00353561135393
units of:0.00347662116667
the oblivious:0.0034519877924
going through:0.00334728844334
the capacity:0.00331646567964
the optimal:0.00324702845155
np hard:0.00323813621719
is np:0.00323813621719
traffic flow:0.00323491457964
a demand:0.00323491457964
2 level:0.00320192400527
a weight:0.0031674674467
each clause:0.00313406384806
ospf weights:0.00308663166117
splitting flow:0.00308663166117
backbone with:0.00308663166117
through t:0.00286818528952
node u:0.00285748934478
a canonical:0.00278320178102
the arcs:0.00278320178102
flow corresponding:0.00277278392541
neighborhood structure:0.00277278392541
the capacities:0.00277278392541
commodity flow:0.00277278392541
for max:0.00274991994194
our cost:0.00274991994194
x and:0.0027282405521
flow to:0.00272166695507
the weights:0.00270861869218
from s:0.00270344554102
the load:0.00266636997934
arcs and:0.0026531845577
the cost:0.00260408196921
1 unit:0.0025889908443
cost phi:0.00257219305097
packet cost:0.00257219305097
optimizing ospf:0.00257219305097
flow going:0.00257219305097
flow leads:0.00257219305097
phi uncap:0.00257219305097
destination t:0.00257219305097
