differentiable:0.0383564843866
ncp:0.0357030155341
differentiability:0.0273649783756
differential:0.0250290193251
psi:0.0204437057502
phi:0.0172769468617
lipschitzian:0.0149567012866
complementarity:0.0138102545085
semismooth:0.013806185803
burmeister:0.0126556703194
fischer:0.00882086111007
merit:0.00786382816643
matrices:0.00769898059549
differentials:0.00714060310682
nonsmooth:0.00714060310682
nonlinear:0.005254294601
fx:0.00503542951313
stationary:0.00497723133569
gowda:0.00460206193434
bouligand:0.00460206193434
phijj:0.00460206193434
1jj:0.00460206193434
subdifferential:0.00460206193434
ravindran:0.00408034463247
thetan:0.00391520096595
nonnegative:0.00380080685945
subsequence:0.00375678139028
locally:0.00372672642566
matrix:0.00351059348623
frf:0.00345154645076
row:0.0033486860767
echet:0.00306025847435
co:0.00301901690571
optimality:0.00292346016211
jacobian:0.00290337423422
theorems:0.0027942110879
dg:0.00271944545712
variational:0.00260043961943
omega:0.00247838363959
diagonal:0.00244800433961
quadruples:0.0024371037368
componentwise:0.0024371037368
univalence:0.00230103096717
monotone:0.00228959975265
solves:0.00228435973568
regularity:0.00211558484737
frchet:0.00204017231623
convex:0.00203663366437
piecewise:0.00202846887865
newton:0.00191024670428
unconstrained:0.0018726675463
continuously:0.00185800175283
corollary:0.0018550247042
claim:0.00174548986653
penalized:0.00169395816112
clarification:0.00169395816112
rf:0.00169395816112
minimizer:0.00169395816112
nonzero:0.00167054866406
jz:0.00162473582453
contradiction:0.00161580059814
clarke:0.00156608038638
regular:0.00152905226091
ad:0.00149496691606
rn:0.00142978693935
fa:0.00142530257229
fr:0.00142530257229
remark:0.00137030379602
contradicting:0.00135972272856
proposition:0.00134397115917
valued:0.00130530334702
equivalence:0.00129262535255
lagrangian:0.00127349780286
strictly:0.00124290599801
converging:0.00122485872748
remarks:0.00121861093991
proves:0.00120760676228
superset:0.00120257092648
ft:0.00120257092648
62:0.00118282800428
min:0.00116165780289
formulating:0.00116134969369
calmness:0.00115051548359
defeng:0.00115051548359
solodov:0.00115051548359
semiconvex:0.00115051548359
eodory:0.00115051548359
carath:0.00115051548359
tawhid:0.00115051548359
lorentz:0.00115051548359
21250:0.00115051548359
homeomorphisms:0.00115051548359
facchinei:0.00115051548359
gamma2:0.00114219562473
index:0.00113804796958
ng:0.00110345289773
calculation:0.0010856642153
satisfying:0.00108424396978
inequalities:0.00107040378525
continuity:0.00105779242368
smooth:0.00104914471697
conversely:0.00102845746873
semicontinuous:0.00102008615812
versely:0.00102008615812
mangasarian:0.00102008615812
zeros:0.00101423443932
constrained:0.00100415317346
quasi:0.000987477353449
strict:0.000960060598168
soares:0.000943619943987
compact:0.000941541869707
minimizing:0.000927512352099
nonempty:0.000904951151944
recalled:0.000889246824797
relaxations:0.000889246824797
minimizers:0.000889246824797
semidefinite:0.000889246824797
gammaz:0.000889246824797
timization:0.000889246824797
lim:0.000873780066396
subcase:0.000846979080559
implication:0.000826127879862
injectivity:0.000812367912265
multivalued:0.000812367912265
hypotheses:0.000808353015538
ith:0.000799710108741
hadamard:0.00078304019319
p0:0.000757579376545
referee:0.000757579376545
bx:0.000757579376545
separation:0.000743200701132
weaken:0.000735071759172
unify:0.000735071759172
jy:0.000735071759172
nonsingular:0.000714893469675
jong:0.000714893469675
bd:0.000714893469675
enjoy:0.000714893469675
mathematics:0.000713602523503
completes:0.000713602523503
applicable:0.000703508173672
baltimore:0.000696599524799
lg:0.000696599524799
subsequences:0.000696599524799
representative:0.000692487972425
pang:0.00067986136428
specializing:0.00067986136428
stated:0.000679578782625
ff:0.000668072980309
sun:0.000665613635532
contradict:0.000664429474823
jie:0.000664429474823
weakening:0.000664429474823
shi:0.000664429474823
md:0.000650109904858
abuse:0.000650109904858
fix:0.000646320239258
vectors:0.000640397546903
neighbourhood:0.000636748901428
convergent:0.000636748901428
characterizations:0.000636748901428
164:0.000636748901428
peng:0.000624222515434
methodologies:0.000624222515434
minimization:0.000621624553149
hx:0.000612429363742
fv:0.000612429363742
149:0.000612429363742
optimization:0.000605757540588
respec:0.000601285463241
regularization:0.000601285463241
algebraic:0.000597986766422
reformulation:0.000590720463493
prop:0.000590720463493
lems:0.000590720463493
tively:0.000580674846844
0g:0.000580674846844
simplicity:0.000577529649538
hull:0.000571097812366
maryland:0.000571097812366
f2:0.000571097812366
reversed:0.000571097812366
cg:0.00055318049093
113:0.000544769289069
carried:0.000539735919559
semi:0.00053238948938
fc:0.000528896211842
fy:0.000528896211842
affine:0.000528896211842
researchers:0.000517050141019
motivates:0.000514132437427
inequality:0.000512019567023
smoothing:0.000507117219662
implicit:0.000502076586732
oe:0.000502076586732
generalized:0.000498267470463
statements:0.000497162399204
dealt:0.000493738676725
func:0.000481138502619
consequences:0.000475100857431
h differential:0.0653300358273
h differentiable:0.0538012059754
an h:0.0432040374112
h differentiability:0.033305508461
differentiable at:0.0276175521636
at x:0.0253590431912
ncp f:0.0204956975145
t psi:0.0192147164198
ncp function:0.0192147164198
r n:0.0185148404665
differential of:0.0184117014424
is h:0.0176450321117
t x:0.0172853442815
locally lipschitzian:0.0166527542305
fischer burmeister:0.0140907920412
p 0:0.0138645640751
row p:0.0138087760818
psi x:0.0128934658482
nonlinear complementarity:0.0128934658482
merit function:0.0128098109465
burmeister function:0.0128098109465
differentiable function:0.0126580447416
phi x:0.0118190103609
p matrix:0.0115073134015
0 property:0.0115073134015
x with:0.0109511618137
fx k:0.0107445548735
f x:0.0107390218104
differentiability of:0.0103565820613
an ncp:0.0102478487572
p matrices:0.0102478487572
differential given:0.0102478487572
x consists:0.0097820791931
p function:0.0092058507212
complementarity problems:0.0092058507212
the h:0.00910324627377
differential t:0.00896686766257
h differentials:0.00896686766257
p property:0.00896686766257
solves ncp:0.00896686766257
differentiable functions:0.00896686766257
function phi:0.00859564389882
f at:0.00833493662664
the fischer:0.00805511938105
that phi:0.00800472296566
of psi:0.00782566335448
a p:0.0077860996917
arbitrary when:0.00768588656792
x solves:0.00768588656792
co t:0.00768588656792
regular point:0.00752118841147
of f:0.00729044170028
when i:0.00724858529931
complementarity problem:0.00714194280722
2 t:0.00697818870787
of h:0.00691207532606
stationary point:0.0069043880409
phi f:0.0069043880409
necessary optimality:0.0069043880409
diagonal matrices:0.0069043880409
j x:0.00667584257303
function f:0.00664667657981
that psi:0.00640490547327
f is:0.00627812346143
when arbitrary:0.00612166526333
0 p:0.00611990026206
the row:0.00585208689028
theorems 6:0.00575365670075
applications of:0.00568063601702
the merit:0.00537227743676
sequence fx:0.00537227743676
stationary points:0.00537227743676
the ncp:0.00512392437861
strictly regular:0.00512392437861
subsequence fx:0.00512392437861
phijj 2:0.00512392437861
c differentiable:0.00512392437861
the bouligand:0.00512392437861
gowda and:0.00512392437861
bouligand subdifferential:0.00512392437861
62 j:0.00512392437861
ncp functions:0.00512392437861
psi 1jj:0.00512392437861
1jj phijj:0.00512392437861
psi is:0.00510138771944
continuously differentiable:0.00510138771944
optimality condition:0.00510138771944
x is:0.00502170784966
2 r:0.0050079327956
in r:0.00494875197013
k j:0.0049003541285
a subsequence:0.00487512195905
two applications:0.00471898491688
x k:0.00468596772815
t f:0.00465187893283
matrices then:0.0046029253606
above corollary:0.0046029253606
differential is:0.0046029253606
and ravindran:0.0046029253606
s x:0.00455162313689
there exist:0.00454455581642
