kernel:0.0203506583009
gsk:0.0200875481758
lsk:0.0187483782974
documents:0.0182625476042
svm:0.0152808526018
document:0.0103499190358
reuters:0.0100925052677
lsi:0.0080350192703
corpus:0.00770282415583
semantic:0.00736592666376
training:0.00656260270358
baseline:0.0065409001606
text:0.00562249052379
generalised:0.00553938570542
vsm:0.00535667951353
feature:0.00531426910638
latent:0.00518811326519
classifier:0.00498557167749
864:0.00472787482564
learning:0.0047099505771
matrix:0.00469160755401
gram:0.00446929042374
generalisation:0.00405411797675
retrieval:0.0039121385791
kernels:0.00384934288754
dimensionality:0.00368668800623
categorization:0.00340519903114
medline1033:0.00334792469596
alch:0.00334792469596
846:0.00334792469596
margin:0.00332846907147
eigenvalue:0.00304150638392
conducting:0.00299461493854
buc:0.00296838390225
acq:0.00296838390225
inner:0.00281124526189
bvsm:0.00267833975677
wheat:0.00267833975677
gvsm:0.00267833975677
siolas:0.00267833975677
category:0.00267697368012
money:0.00264540763517
schmidt:0.00264540763517
f1:0.00247969954719
regression:0.00246248533216
dimension:0.00241133766721
ionosphere:0.0023747071218
joachims:0.00236393741282
micro:0.00227013268742
datasets:0.0022401304432
products:0.00221660410431
bag:0.00220450636264
dimensions:0.00208584733869
crude:0.00208029316967
singular:0.00203411420697
query23:0.00200875481758
modeapte:0.00200875481758
earn:0.00200875481758
eigenvalues:0.001994228671
pca:0.00189114993026
indexed:0.00188783756139
gaussian:0.00188783756139
classification:0.00183297438539
similarity:0.00178881367255
752:0.00178103034135
medline:0.00178103034135
svd:0.00176360509011
averaged:0.00175961742914
co:0.00175702828868
decomposition:0.00175211304515
bias:0.00173981393336
indexing:0.00173013228722
ridge:0.00171120853631
grain:0.00163522504015
eigenvectors:0.0016216471907
norm:0.00161207571223
vectors:0.00158398767694
spaces:0.00156609208876
polynomial:0.00153701141553
informative:0.00151719932592
ship:0.00147879218727
soft:0.00145591059311
rank:0.00142470645572
fx:0.00135256338938
splits:0.00134875568112
query20:0.00133916987838
orthogonalisation:0.00133916987838
yaoyong:0.00133916987838
kermit:0.00133916987838
reuters21578:0.00133916987838
9603:0.00133916987838
hypernym:0.00133916987838
newfeat:0.00133916987838
tfidf:0.00133916987838
feat:0.00133916987838
corn:0.00133916987838
ff:0.00129603240831
experiments:0.00126250194243
categories:0.00123937483314
500:0.0012334634693
rise:0.00122117696205
diagonal:0.00122117696205
vector:0.00120664539851
multilingual:0.0011873535609
3299:0.0011873535609
wordnet:0.0011873535609
husband:0.0011873535609
spouse:0.0011873535609
kms:0.0011873535609
equalization:0.0011873535609
machines:0.00118053546095
word:0.00114940412417
principal:0.00114939776665
projection:0.00114601431351
entries:0.00111953150095
ir:0.00110600989998
synonymous:0.00109834889113
wife:0.00109834889113
815:0.00109834889113
shawe:0.00109834889113
855:0.00109834889113
statistical:0.0010687995036
565:0.00103506000502
748:0.00103506000502
756:0.00103506000502
punctuation:0.00103506000502
857:0.00103506000502
features:0.00102652358417
learnt:0.000985861458179
mapped:0.000985203535006
incorporating:0.000983096855287
occurrence:0.000975716548662
mapping:0.000956319060775
correlations:0.000951145768568
metric:0.000947763525941
proximity:0.000937027523
conducted:0.000931237818201
onto:0.000920530058575
reminiscent:0.000911438268536
corpora:0.000881802545057
improvements:0.000870051160425
extraction:0.00086506614361
sparse:0.00086506614361
split:0.000859510735131
frequency:0.000859510735131
recipes:0.000855604268154
nr:0.000855604268154
sv:0.000855604268154
lewis:0.000855604268154
approaching:0.000855604268154
preprocessed:0.000855604268154
impressive:0.000855604268154
ordinal:0.000855604268154
dual:0.000839038916175
extract:0.000830614640348
trade:0.0008141179747
relevant:0.000812580343817
tuned:0.000809253408672
subspace:0.000799510236773
orthogonal:0.000790196074581
approximation:0.000767731413519
substantial:0.000737764462929
extracting:0.000729178078175
fed:0.00072657865279
classifiers:0.00072657865279
1000:0.000723554692759
weight:0.000723401300164
demonstrate:0.000716506946422
sought:0.000687583142113
dictionary:0.000687583142113
conjunctions:0.000675890307538
extracts:0.000675890307538
avg:0.000675890307538
external:0.000669629696706
2pr:0.000669584939192
krieging:0.000669584939192
grauman:0.000669584939192
25431:0.000669584939192
hff:0.000669584939192
2877:0.000669584939192
maillet:0.000669584939192
eigensubspaces:0.000669584939192
gvsms:0.000669584939192
satarupa:0.000669584939192
zilan:0.000669584939192
haixian:0.000669584939192
smola:0.000669584939192
generalistion:0.000669584939192
solias:0.000669584939192
spi:0.000669584939192
kevyn:0.000669584939192
21578:0.000669584939192
isometrically:0.000669584939192
neurocolt2:0.000669584939192
97dimension:0.000669584939192
kristen:0.000669584939192
pun:0.000669584939192
recode:0.000669584939192
remultiplying:0.000669584939192
dulong:0.000669584939192
feature space:0.0245876333328
the feature:0.0128992258644
gsk algorithm:0.0111818362832
an svm:0.00969092477875
svm with:0.00894546902654
the lsk:0.00894546902654
a kernel:0.00879897062899
kernel matrix:0.00803589655158
the kernel:0.00773462939247
latent semantic:0.00771864079223
svm classifier:0.00745455752211
the corpus:0.00745198848398
linear kernel:0.00736623850562
semantic kernel:0.0067091017699
the gsk:0.0067091017699
864 0:0.0067091017699
0 864:0.0067091017699
kernel for:0.00625269980084
baseline method:0.00625269980084
support vector:0.00605528920791
relevant documents:0.0060415784622
the documents:0.00603174102166
generalisation performance:0.00602692241369
document matrix:0.00596364601769
lsk and:0.00596364601769
vector space:0.00561665229002
space model:0.00549234405655
inner products:0.00549234405655
the baseline:0.005422830032
the gram:0.00535726436772
information retrieval:0.00529765668854
gsk lsk:0.00521819026548
of svm:0.00521819026548
eigenvalue decomposition:0.00521819026548
with gsk:0.00521819026548
text categorization:0.00512333594162
by document:0.00500215984067
for text:0.00492984548363
vector machines:0.00479056402542
term by:0.00479056402542
generalised version:0.00468760632176
kernel k:0.00468760632176
a document:0.00457714466156
documents in:0.00448116049031
baseline figure:0.00447273451327
money fx:0.00447273451327
f1 numbers:0.00447273451327
co occurrence:0.00447273451327
by conducting:0.00437688986059
a semantic:0.00430248709528
the generalised:0.00401794827579
gram matrix:0.00401794827579
the polynomial:0.00384976316737
gram schmidt:0.0037516198805
classifier with:0.0037516198805
text data:0.0037516198805
semantic indexing:0.0037516198805
alch e:0.00372727876106
the vsm:0.00372727876106
term term:0.00372727876106
non text:0.00372727876106
products between:0.00372727876106
vsm matrix:0.00372727876106
d alch:0.00372727876106
kernel defined:0.00372727876106
e buc:0.00372727876106
generalised gsk:0.00372727876106
0 846:0.00372727876106
basic vector:0.00372727876106
defined feature:0.00372727876106
gsk is:0.00372727876106
reduced feature:0.00372727876106
kernel methods:0.00372727876106
training set:0.00360433446611
the document:0.00358492839225
experiments on:0.00346177961248
matrix p:0.00345089183854
statistical learning:0.00334829022983
of documents:0.00332883248113
kernel function:0.00329540643393
semantic information:0.00329540643393
indexed by:0.00326996092019
documents are:0.00324786055012
first k:0.00310551904553
siolas and:0.00298182300885
lsk step:0.00298182300885
term similarity:0.00298182300885
new kernel:0.00298182300885
846 2:0.00298182300885
the lsi:0.00298182300885
reuters categories:0.00298182300885
some datasets:0.00298182300885
polynomial mapping:0.00298182300885
semantic network:0.00296870799701
low rank:0.00296870799701
two documents:0.00296870799701
feature spaces:0.00296870799701
we selected:0.00291272842099
the training:0.00290663192906
