spiht:0.0500828172899
parallelisation:0.0337767837537
coe:0.0297758507567
wavelet:0.0223380078093
pe:0.0214030490481
cients:0.0200216927502
lis:0.0165228387662
pes:0.0135033464385
renement:0.0130269175015
separators:0.0108026771508
lip:0.0108026771508
stream:0.0106993400509
lsp:0.0103267742289
coding:0.0102603500126
bpp:0.00990245405487
insignicant:0.0095526736069
compression:0.00939586841215
sm:0.00884698503929
video:0.00871798078218
separator:0.00690237389048
bit:0.00651273811821
transform:0.00628896571948
cient:0.00622007515032
bs:0.0059531599668
ospring:0.00582358340581
speedup:0.00562034190182
signicance:0.00550602496464
speedups:0.00547836597813
zerotree:0.00465886672465
ezw:0.00465886672465
spacial:0.00465886672465
psnr:0.00465886672465
unevenly:0.00413070969155
bits:0.00411638873649
sequential:0.00399887028626
mimd:0.00386765103704
subband:0.00382106944276
synchronisation:0.00382106944276
bands:0.00360089238359
trees:0.00314801954178
alteration:0.00309803226866
iterator:0.00309803226866
band:0.00308026042311
decomposition:0.00304773176863
signicant:0.00303899909599
lists:0.00299802078406
assembly:0.00293921155386
pixels:0.00292246413687
scan:0.00277390297615
threshold:0.0027550422347
entry:0.0027263776055
image:0.00258548175572
decoder:0.00257230088025
rst:0.00256643554207
entries:0.00238013238038
lter:0.0023781165609
neglectable:0.00232943336232
spacially:0.00232943336232
processall:0.00232943336232
parallelise:0.00232943336232
listless:0.00232943336232
neighbouring:0.00230079129683
lled:0.00230079129683
rene:0.00230079129683
scalability:0.00216166996224
ltered:0.00206535484577
grandma:0.00206535484577
coder:0.00206535484577
encoded:0.00206177251514
descendants:0.00197440328682
inserted:0.00192496842397
encoder:0.00191053472138
ciently:0.00182434401637
004:0.00180044619179
desc:0.00180044619179
termination:0.00175258895794
ltering:0.0017148672535
dierent:0.001680868037
864:0.00164479048245
sub:0.00163935769585
xed:0.00163574496557
dierence:0.00160197519478
decoded:0.0015854110406
assembling:0.0015854110406
compatible:0.00158508741494
assembled:0.00153386086455
mpeg:0.00153386086455
parent:0.00152030383609
necessity:0.00149949917525
inherently:0.00148008885637
list:0.0014595988598
sign:0.00138820275118
rates:0.00138721791428
distortion:0.0013452615003
predicates:0.00133448021582
tree:0.00133225428283
rate:0.00132696263265
eect:0.00132684813918
slices:0.00131626885788
counter:0.00129588126316
sig:0.00128921701235
coarse:0.00125448757906
frames:0.0012408645567
appended:0.00121741466181
decoding:0.00119602384766
altered:0.00117568462154
pes26100:0.00116471668116
jumbles:0.00116471668116
ct950051:0.00116471668116
synchronise:0.00116471668116
fwf:0.00116471668116
qmf:0.00116471668116
packetise:0.00116471668116
p13903:0.00116471668116
uhl:0.00116471668116
epcc:0.00116471668116
standardisation:0.00116471668116
parallelised:0.00116471668116
pes5150:0.00116471668116
lena:0.00116471668116
synchronises:0.00116471668116
complexity13579:0.00116471668116
parallelising:0.00116471668116
signicances:0.00116471668116
dispenses:0.00116471668116
norcen:0.00116471668116
processcoe:0.00116471668116
515253510:0.00116471668116
utilisation:0.00116471668116
fmge:0.00116471668116
vtc:0.00116471668116
jpeg2000:0.00116471668116
tracs:0.00116471668116
visualised:0.00116471668116
drawbacks:0.00113776387146
copied:0.00112001716565
slice:0.00112001716565
_:0.00112001716565
3d:0.00111707318606
motion:0.00110575685572
ow:0.00108661502857
substitute:0.00107084910951
ciency:0.00104095709226
bigger:0.00104095709226
roots:0.00104095709226
transformed:0.00103667919172
decodes:0.00103267742289
cance:0.00103267742289
1082:0.00103267742289
austrian:0.00103267742289
localised:0.00103267742289
colours:0.00103267742289
computers:0.00102674751446
partitioning:0.00102657421683
nevertheless:0.0010065980821
overall:0.00100233415435
encodes:0.000974154712291
demands:0.000974154712291
loop:0.000973152841699
reads:0.000962484211987
collections:0.000961930372566
streams:0.000961930372566
splitted:0.00095526736069
bitmaps:0.00095526736069
initialisation:0.00095526736069
openmp:0.00095526736069
lling:0.00095526736069
breakdowns:0.00095526736069
1098:0.00095526736069
pass:0.000952111972919
consecutive:0.000948418838024
symbols:0.000934829042628
false:0.000920948960659
encode:0.000916121266808
understands:0.000900223095897
uous:0.000900223095897
inconvenient:0.000900223095897
erb:0.000900223095897
dct:0.000900223095897
jpeg:0.000900223095897
pyramidal:0.000900223095897
t3e:0.000900223095897
multirate:0.000900223095897
algo:0.000874510099884
tmr:0.000857433626749
tricks:0.000857433626749
roland:0.000857433626749
smps:0.000857433626749
multiplexed:0.000857433626749
divisibility:0.000857433626749
edinburgh:0.000857433626749
hierarchical:0.000856577366874
competitive:0.00085502916772
approximates:0.00085502916772
frame:0.000840434018498
suits:0.000822395241224
competitors:0.000822395241224
redundancies:0.000822395241224
scientic:0.000822395241224
reserves:0.000822395241224
bit stream:0.0314533232974
coe cients:0.0265363497008
wavelet transform:0.0234102460395
spiht algorithm:0.019451935141
the spiht:0.018155139465
renement step:0.018155139465
zero tree:0.0155615481128
coe cient:0.0148113206018
sm based:0.0142647524368
the bit:0.0141279286108
zero trees:0.0129679567607
of coe:0.012963487659
the parallelisation:0.0116711610846
parallelisation of:0.0116711610846
the wavelet:0.0108047289413
each pe:0.00931950319924
the lis:0.00907756973248
the sm:0.00907756973248
output bpp:0.00907756973248
single pe:0.00778077405641
original spiht:0.00778077405641
lis lip:0.00778077405641
bpp decomposition:0.00778077405641
sub band:0.00778077405641
decomposition overall:0.00778077405641
a renement:0.00761404258938
the parallel:0.00706433918575
compression rate:0.00698962739943
parallel wavelet:0.00698962739943
video data:0.0066881415859
coding part:0.00648397838034
each renement:0.00648397838034
list entries:0.00648397838034
local coe:0.00648397838034
lip lsp:0.00648397838034
stream assembly:0.00648397838034
overall spiht:0.00648397838034
direct ospring:0.00648397838034
overall coding:0.00648397838034
the sequential:0.00636082560588
sequential algorithm:0.00600317537497
d case:0.00594170736173
the coding:0.00594170736173
based algorithm:0.00592433487658
of pes:0.00582468949952
3 d:0.00578256873262
a separator:0.00543860184956
of separators:0.00518718270428
insignicant coe:0.00518718270428
approximation sub:0.00518718270428
hierarchical trees:0.00518718270428
set partitioning:0.00518718270428
of insignicant:0.00518718270428
d wavelet:0.00518718270428
lsp bs:0.00518718270428
cient p:0.00518718270428
a p:0.00510026283363
the coe:0.0049353086499
b p:0.00475713648991
the pes:0.00465975159962
discrete wavelet:0.00465975159962
unevenly distributed:0.00465975159962
has to:0.00450828777246
cients that:0.00435088147965
parallel algorithm:0.00423199095921
wavelet decomposition:0.00413149425179
the video:0.00411275720825
data distribution:0.00403655103166
xed compression:0.00389038702821
resulting bit:0.00389038702821
lis and:0.00389038702821
pe local:0.00389038702821
approximation subband:0.00389038702821
of spiht:0.00389038702821
scan order:0.00389038702821
sub bands:0.00389038702821
tree coding:0.00389038702821
transform algorithms:0.00389038702821
spiht parallelisation:0.00389038702821
all coe:0.00389038702821
14 bpp:0.00389038702821
stream bs:0.00389038702821
the ezw:0.00389038702821
separator entry:0.00389038702821
cient scan:0.00389038702821
mimd computers:0.00389038702821
pe and:0.00389038702821
video compression:0.00382179519194
end of:0.00378630124804
the speedups:0.00370385361687
the end:0.00364685847193
be encoded:0.00357188994843
algorithm is:0.00353947876733
2 d:0.003538933739
in hierarchical:0.0035112626689
transformed data:0.00349481369971
the lip:0.00349481369971
compression rates:0.00349481369971
d algorithms:0.00349481369971
distributed complexity:0.00349481369971
of transformed:0.00349481369971
