filter:0.0142709031991
h6:0.0131143391694
filtering:0.00950564010989
oe:0.0086063353179
dt:0.00843291293475
ffi:0.00745853422196
sigma:0.00694463677898
wiener:0.00673960064495
noise:0.0067214985448
deduce:0.00624078447743
signal:0.00553413340298
diffusions:0.00493038427894
gamma1:0.00457085290905
filters:0.00402160120858
differentiation:0.00388460978883
phi:0.0037019052942
asymptotic:0.00357945937625
nonlinear:0.00346409158025
injective:0.00337527415957
valued:0.00335622450624
fh:0.00335561677644
matrix:0.00334315360399
riccati:0.00328692285262
dx:0.00326315373818
ds:0.00326315373818
stability:0.00325125904797
kalman:0.00324650776235
h1:0.00315005429915
gamma3:0.00306358286723
derivatives:0.00305020204211
estimation:0.00295122692513
h7:0.00291429759321
filtration:0.00291429759321
girsanov:0.00291429759321
h5:0.00291429759321
kz:0.00291429759321
differentiable:0.00278596133666
fx:0.00276649710761
restored:0.00272870449639
dy:0.00262448628465
expansions:0.00257673055027
jacobian:0.00248840643772
processes:0.00248275109929
channel:0.00212325988089
pi:0.00206185639667
differential:0.00198627042429
diffusion:0.00194230489441
stationary:0.00193902515716
noisy:0.0019162464091
estimations:0.00185730755777
integration:0.00182849431391
converges:0.00178972968813
loose:0.00178334953364
devoted:0.00175090909849
suboptimal:0.0017496575231
approximate:0.00169825955671
vanishes:0.00168763707978
filtrage:0.00164346142631
fragile:0.00164346142631
gamma2i:0.00164346142631
bruit:0.00164346142631
avec:0.00164346142631
hasffi:0.00164346142631
unnoisy:0.00164346142631
morceaux:0.00164346142631
eaire:0.00164346142631
ffp:0.00164346142631
semimartingales:0.00164346142631
vaste:0.00164346142631
coefficients:0.00164262318528
estimate:0.00160086517
ff:0.00159052208737
dimensional:0.00156111837872
taylor:0.00153325689723
gammap:0.0014571487966
neglects:0.0014571487966
h4:0.0014571487966
detectability:0.0014571487966
formula:0.00145612318737
observation:0.00144675099983
ae:0.00143438921965
kv:0.00134792012899
law:0.00130823754356
log:0.00128213756592
nonlinearity:0.00127025048848
gammac:0.00127025048848
puted:0.00127025048848
matrices:0.00126896072083
equation:0.00125851870888
petit:0.00120987285061
h3:0.00120987285061
expectation:0.00120648006356
derivative:0.00120648006356
uniformly:0.00119614579998
summing:0.00116727273233
conditional:0.00116311815349
stable:0.00116311815349
lebesgue:0.00116043229911
injectivity:0.00116043229911
proposition:0.00115188267678
ith:0.00114235117623
boundedness:0.00111853892548
ku:0.00111853892548
multiplication:0.00110659884304
inequality:0.00109709658834
schwarz:0.00108216925412
stochastic:0.00107260450172
notations:0.00105082304355
cauchy:0.00105001809972
probability:0.00103339357131
differentiated:0.00102119428908
rp:0.00102119428908
assump:0.00102119428908
dp:0.000995062182933
differentiate:0.000995062182933
differentiating:0.000995062182933
iis:0.000995062182933
magnitude:0.000983742308378
transposition:0.000971152447207
2p:0.000949108662991
moments:0.000928653778885
invertible:0.000928653778885
convergence:0.000896634460059
articles:0.000891674766822
scale:0.000889691815728
quadratic:0.000879387234455
tracks:0.000874828761551
bounded:0.000865832854897
psi:0.000858910183423
par:0.000858910183423
fm:0.000858910183423
spaces:0.000854198138209
adopted:0.000854198138209
force:0.000845973813887
contraction:0.000843818539892
gamma:0.000825544131061
verifies:0.000815788434545
linearity:0.000815788434545
jth:0.000802714971477
dynamical:0.000802714971477
gain:0.00079059048614
body:0.000775412102324
fy:0.000755505280098
entering:0.000755505280098
fi:0.000745827668054
multiply:0.000734415869219
satisfies:0.000732500140051
efficiency:0.000728061593685
approximation:0.000724752632929
smoothing:0.00072439493516
piecewise:0.00072439493516
going:0.000724268465409
aim:0.000710174906259
enable:0.000710174906259
inverse:0.000710174906259
dealt:0.000705284267315
notices:0.000696154690752
rigorous:0.000687285465558
proceeding:0.000687285465558
rate:0.000680871599294
nonnegative:0.000678660951491
th:0.000678015480675
variation:0.000675847383797
viewed:0.000669541095607
observed:0.000662776315429
claimed:0.000662090141429
monotone:0.000654118771779
modelled:0.000654118771779
restrictive:0.000638748803032
sequel:0.000631330616271
multidimensional:0.000624078447743
submitted:0.0006169842157
asymptotically:0.000603240031781
multiplying:0.000603240031781
evident:0.000603240031781
lin:0.000596576562709
theoretically:0.000590043907763
article:0.000590043907763
behaviour:0.000577348596709
error:0.000572795162609
observations:0.000567313480201
transforming:0.000565112632348
parts:0.000552901066562
assumptions:0.000552901066562
equations:0.000549375105039
obtains:0.000547541061761
exponentially:0.000547541061761
looks:0.000541876507996
switching:0.00053630225086
converge:0.000530814970221
variance:0.000525411521777
surprising:0.000509675114254
involving:0.000508215479967
tends:0.000499552562182
replace:0.000496742257329
contents:0.000494594504421
calculus:0.000494594504421
universal:0.000480107038914
driven:0.00047540009258
negligible:0.00047540009258
log l:0.0164697569313
h6 ffi:0.0164697569313
sigma m:0.0146397839389
observation noise:0.0128098109465
x 1:0.0118040410816
t g:0.0115220816176
m t:0.011146832172
z th:0.0109798379542
optimal filter:0.0109798379542
of order:0.0101963741835
we deduce:0.0096815770109
d dt:0.00943796983376
approximate filter:0.00914986496181
filtering error:0.00914986496181
nonlinear filtering:0.00914986496181
wiener processes:0.00914986496181
z t:0.00911196685028
a t:0.00899773085478
the filter:0.00895795995721
l t:0.00884805665374
oe f:0.00874523609047
the signal:0.0086415612132
x t:0.00849810760405
filter 3:0.0082195095725
fx t:0.0082195095725
r 0:0.00776020630978
initial condition:0.00770036565305
integration by:0.00767468205252
in l:0.00761219491588
parts formula:0.00731989196945
noise channel:0.00731989196945
order gamma1:0.00731989196945
o gamma1:0.00731989196945
standard independent:0.00731989196945
t sigma:0.00731989196945
by parts:0.00728769674206
y t:0.00705666062982
low noise:0.006575607658
s ds:0.006575607658
differentiation with:0.006575607658
dt d:0.006575607658
filter is:0.00635295473465
the matrix:0.00635188629024
probability measure:0.00619364712937
it o:0.00613974564201
one has:0.00595981595301
f t:0.0057610408088
the filtering:0.00569497928142
t is:0.00559945429663
linear case:0.00558975953891
phi t:0.00558975953891
fh x:0.00548991897709
independent wiener:0.00548991897709
from fh:0.00548991897709
h1 to:0.00548991897709
small observation:0.00548991897709
dimensional diffusions:0.00548991897709
valued process:0.00548991897709
order gamma3:0.00548991897709
the observation:0.00536357212916
deduce that:0.00532957532305
are standard:0.00522669238617
an integration:0.00522669238617
we obtain:0.00519678084754
1 s:0.0051113600277
time scale:0.00508236378772
s s:0.00497099592291
matrix valued:0.0049317057435
extended kalman:0.0049317057435
restored from:0.0049317057435
uniformly bounded:0.0049317057435
filtering problem:0.0049317057435
the differentiation:0.0049317057435
f 12:0.0049317057435
t and:0.00465410305651
condition x:0.00460480923151
this filter:0.00460480923151
change of:0.0045959902014
this equation:0.0045490597608
the processes:0.00450361749717
l 2:0.00439496773608
finite dimensional:0.00437261804523
ffi 1:0.00437261804523
p gamma1:0.00437261804523
x 0:0.00434474869076
estimation of:0.00426085364821
with bounded:0.00420119812184
gamma1 2:0.00419231965419
one dimensional:0.00411384767341
t oe:0.00404484421447
kalman filter:0.00404484421447
theorem 2:0.00403771120479
the optimal:0.00401753222556
t r:0.00401465059442
j 2:0.00397360558748
and h:0.00392576455044
almost linear:0.00392001928963
is studied:0.00388565096004
stability of:0.00388565096004
the girsanov:0.00365994598472
dimensional process:0.00365994598472
th 0:0.00365994598472
bounded partial:0.00365994598472
processes x:0.00365994598472
ffi holds:0.00365994598472
