iag:0.0306733805026
tiam:0.0268392079398
lb:0.0201193735641
__:0.0192638775269
interval:0.0133640346876
gradtest:0.0115025176885
minimizers:0.0098782555178
casado:0.00894640264659
sergeyev:0.00894640264659
martinez:0.00733758396536
rejected:0.007130146179
ya:0.00691477886246
intervals:0.00663309389969
minimizer:0.00658610509465
univariate:0.00658610509465
multiextremal:0.00639028760471
garcia:0.00555900804498
nal:0.00521845777173
monotonicity:0.00516037109152
rangeup:0.00511223008376
tg:0.00504937152285
gradient:0.00483413289917
lipschitz:0.00464293236096
tm:0.00436968658364
inclusion:0.0040445340017
dierentiable:0.00397072003213
enclosure:0.00395130220712
evaluations:0.003839309481
ualm:0.00383417256282
funct:0.00383417256282
subintervals:0.00360969647034
subdivision:0.00333970911079
rejection:0.00295234301336
elimination:0.00283117380119
derivative:0.00281470114433
cut:0.00280262426053
working:0.00277641580483
division:0.00263679976319
bounding:0.00258790415057
novgorod:0.00255611504188
nde:0.00255611504188
nfe:0.00255611504188
minflb:0.00255611504188
nizhni:0.00255611504188
deis:0.00255611504188
midpoint:0.00244967756708
objective:0.00240060615484
termination:0.00230776414732
optimization:0.00218695638859
fx:0.00215139970944
mail:0.00211107536651
slopes:0.00188174431276
criterion:0.00187649889162
fg:0.00187272282156
_:0.00184351231328
shortened:0.00180484823517
minimization:0.00172633907733
slope:0.00171338196953
nishes:0.00168312384095
271:0.00168312384095
boxes:0.00166736499682
continuously:0.00165117855292
fullled:0.00163311837806
save:0.00155393220426
traditional:0.00147878938613
bounds:0.00146027512358
subdivided:0.00144435753399
numerical:0.00143936989642
accelerate:0.00141467322088
spain:0.00133588364432
graphically:0.00133588364432
davinci:0.00127805752094
diago:0.00127805752094
vink:0.00127805752094
jamartin:0.00127805752094
mdashlthe:0.00127805752094
ministerio:0.00127805752094
almera:0.00127805752094
educacion:0.00127805752094
fulll:0.00127805752094
cultura:0.00127805752094
0361:0.00127805752094
fxnv:0.00127805752094
87036:0.00127805752094
iron:0.00127805752094
xnv:0.00127805752094
leo:0.00127805752094
cutotest:0.00127805752094
lagouanelle:0.00127805752094
maxff:0.00127805752094
calabria:0.00127805752094
csendes:0.00127805752094
tibor:0.00127805752094
kite:0.00127805752094
3x:0.00127805752094
hendrix:0.00127805752094
yaro:0.00127805752094
tic99:0.00127805752094
russia:0.00127805752094
miro:0.00127805752094
unical:0.00127805752094
igo:0.00127805752094
772:0.00127805752094
rule:0.00125588212064
sin:0.00121032093354
es:0.00120112468308
lists:0.00117491571524
evaluated:0.00115558795216
graphical:0.00115388207366
inma:0.00113316926629
rende:0.00113316926629
fsg:0.00113316926629
della:0.00113316926629
nonsmooth:0.00113316926629
universita:0.00113316926629
rst:0.00112647214541
stored:0.00111168584379
realization:0.001096945566
satised:0.00108274611623
branch:0.00105614541786
isi:0.00104822628077
disposition:0.00104822628077
lling:0.00104822628077
tams:0.00104822628077
hereinafter:0.00104822628077
comment:0.00102976470424
head:0.00102579907032
global:0.00101844478759
636:0.00098782555178
445:0.00098782555178
982:0.00098782555178
cicyt:0.00098782555178
subregion:0.00098782555178
subinterval:0.00098782555178
arithmetic:0.00097732484305
78:0.000970644203783
piece:0.000959610374242
bottom:0.000959579930947
speedup:0.00094881050395
margins:0.000940872156378
711:0.000940872156378
optimiza:0.000940872156378
dierent:0.000922218283269
graphs:0.000903329537859
284:0.000902424117584
460:0.000902424117584
cnr:0.000902424117584
176:0.000902424117584
column:0.000878493842563
louis:0.000869845232318
435:0.000869845232318
268:0.000841561920475
366:0.000841561920475
456:0.000841561920475
fig:0.000835951732158
criteria:0.000820287386309
156:0.000816559189028
electronics:0.000816559189028
return:0.000806203713218
yellow:0.000794144006426
basics:0.000794144006426
gures:0.000794144006426
bridging:0.000794144006426
282:0.000794144006426
initialization:0.000792709950572
98:0.000776966102131
331:0.000773822060159
292:0.000755228366947
elaborated:0.000755228366947
depict:0.000755228366947
336:0.000755228366947
rejecting:0.000755228366947
bisection:0.000755228366947
blue:0.00073808575334
selection:0.000732343566894
tests:0.000727120739616
214:0.000722178766993
else:0.000711389731723
newton:0.000707336610442
adaptively:0.000707336610442
initializing:0.000707336610442
261:0.000707336610442
178:0.000693421594036
114:0.000693421594036
inherit:0.000693421594036
built:0.000687985697971
209:0.000680321095668
x2:0.000680321095668
search:0.00067968057298
si:0.000667941822158
206:0.000656205624271
stopping:0.000656205624271
signicantly:0.000656205624271
259:0.000656205624271
eliminated:0.000651549895367
dened:0.000645280358597
2g:0.00064504638644
colored:0.00064504638644
132:0.00064504638644
jointly:0.00064504638644
lb x:0.0313063449685
support functions:0.0230098300904
interval x:0.0227247229948
interval analysis:0.0217315061965
f x:0.0209963767818
global optimization:0.0194854226502
x lb:0.0170761881647
__ __:0.0142301568039
support function:0.0142301568039
x f:0.0134421966396
z x:0.0127089523529
new support:0.0119359061017
analysis global:0.0113841254431
m x:0.0111203333088
an interval:0.0107871782912
global minimizers:0.0107423154915
f z:0.0106284123546
hand graph:0.0102265911513
intervals x:0.0102265911513
of f:0.0102115335521
f 0:0.00999005356202
and ya:0.00996110976272
i garcia:0.00996110976272
g casado:0.00996110976272
casado i:0.00996110976272
working list:0.00996110976272
garcia j:0.00996110976272
d sergeyev:0.00996110976272
a martinez:0.00996110976272
monotonicity test:0.00996110976272
and iag:0.00996110976272
ya d:0.00996110976272
martinez and:0.00996110976272
0 x:0.00991120436153
f m:0.00974271132509
the interval:0.0097255316926
the working:0.00873740474265
tiam and:0.00853809408233
gradtest procedure:0.00853809408233
x over:0.00838755801816
cut o:0.00793383809138
objective function:0.00741605688084
division rule:0.00711507840194
f lb:0.00711507840194
o test:0.00711507840194
nal list:0.00711507840194
the gradtest:0.00711507840194
tm tg:0.00711507840194
global minimization:0.00711507840194
gradient test:0.00711507840194
inclusion function:0.00711507840194
global minimizer:0.00711507840194
for f:0.00660826166543
test functions:0.00639161946957
gradient information:0.00639161946957
the objective:0.00584330935625
x g:0.00571826242316
iag algorithm:0.00569206272155
traditional interval:0.00569206272155
rule line:0.00569206272155
save fx:0.00569206272155
of tiam:0.00569206272155
the iag:0.00569206272155
nal lists:0.00569206272155
bound f:0.00566702720813
l g:0.00548736990618
minimization algorithm:0.00543335578358
working and:0.00511329557565
new interval:0.00511329557565
an enclosure:0.00511329557565
and lb:0.00511329557565
interval v:0.00511329557565
using gradient:0.00508044739808
w x:0.00490037625862
the intervals:0.00483138303193
list q:0.00477436244067
dierentiable function:0.00477436244067
and nal:0.00477436244067
information 1:0.00477436244067
lower bound:0.00475725100391
function f:0.00461478560994
of interval:0.00460487766548
x i:0.00459358297373
list l:0.00451306100488
x is:0.00446280997727
optimization algorithm:0.00442850514777
lower bounds:0.00438869676635
x s:0.00433615190817
2 x:0.00433188712945
bounding rule:0.00426904704116
iag is:0.00426904704116
analysis support:0.00426904704116
univariate functions:0.00426904704116
x line:0.00426904704116
fx f:0.00426904704116
algorithm iag:0.00426904704116
tiam algorithm:0.00426904704116
search information:0.00426904704116
the tiam:0.00426904704116
ualm es:0.00426904704116
test is:0.00424490420197
j a:0.00420525742345
f f:0.00420525742345
the nal:0.00420250026227
continuously dierentiable:0.00419377900908
from 2:0.00411355146671
problem 1:0.00397154761029
the search:0.00388338602247
over x:0.00385302166564
elimination rule:0.00383497168174
contain global:0.00383497168174
if f:0.00371846959034
